"","V1","V2","V3","V4","V5","V6","V7","V8","V9","V10","V11","V12","V13","V14","V15","V16","V17","V18","V19","V20","V21","V22","V23","V24","V25","V26","V27","V28","V29","V30","V31","V32","V33","V34","V35","V36","V37","V38","V39","V40","V41","V42","V43","V44","V45","V46","V47","V48","V49","V50","V51","V52","V53","V54","V55","V56","V57","V58","V59","V60","V61","V62","V63","V64","V65","V66","V67","V68","V69","V70","V71","V72"
"1",0,1260,4172,152,1412,4020,152,12202,0,1564,12124,4172,304,8612,8842,11372,11602,11450,4324,12050,8690,11524,4020,1412,4172,152,11972,1260,27863,26999,27711,26847,28595,27579,28443,27731,29751,32328,29903,29019,34179,33599,33447,33467,33315,33027,34843,27005,26853,34691,32176,34331,34271,29171,33179,34211,34423,33759,34059,33911,27737,27585,17476,17628,14340,14418,14488,14196,14044,14566,14118,13966
"2",1260,0,4312,1412,152,4160,1412,10942,1260,304,10864,4312,1564,7352,7582,11512,11742,11590,4464,10790,7430,11664,4160,152,4312,1412,10712,0,26675,25811,26523,25659,27407,26391,27255,26543,28563,31140,28715,27831,32991,32411,32259,32279,32127,31839,33655,25817,25665,33503,30988,33143,33083,27983,31991,33023,33235,32571,32871,32723,26549,26397,18736,18888,15600,15678,15748,15456,15304,15826,15378,15226
"3",4172,4312,0,4020,4160,152,4020,8230,4172,4312,8152,0,4172,11664,11590,7504,7430,7582,152,8382,11742,7352,152,4160,304,4324,8304,4312,30643,29779,30795,29931,31375,30663,31527,30511,27075,29348,26923,26343,31503,30619,30771,30487,30639,30351,31863,24025,24177,32015,29500,31351,31595,26191,30199,31231,31443,31083,31383,30931,24757,24909,21648,21496,18208,18286,18356,18064,18216,18434,17986,18138
"4",152,1412,4020,0,1260,4172,0,12050,152,1412,11972,4020,152,8764,8690,11524,11450,11602,4172,12202,8842,11372,4172,1260,4324,304,12124,1412,27711,26847,27863,26999,28443,27731,28595,27579,29903,32176,29751,29171,34331,33447,33599,33315,33467,33179,34691,26853,27005,34843,32328,34179,34423,29019,33027,34059,34271,33911,34211,33759,27585,27737,17628,17476,14188,14266,14336,14044,14196,14414,13966,14118
"5",1412,152,4160,1260,0,4312,1260,10790,1412,152,10712,4160,1412,7504,7430,11664,11590,11742,4312,10942,7582,11512,4312,0,4464,1564,10864,152,26523,25659,26675,25811,27255,26543,27407,26391,28715,30988,28563,27983,33143,32259,32411,32127,32279,31991,33503,25665,25817,33655,31140,32991,33235,27831,31839,32871,33083,32723,33023,32571,26397,26549,18888,18736,15448,15526,15596,15304,15456,15674,15226,15378
"6",4020,4160,152,4172,4312,0,4172,8382,4020,4464,8304,152,4324,11512,11742,7352,7582,7430,304,8230,11590,7504,0,4312,152,4172,8152,4160,30795,29931,30643,29779,31527,30511,31375,30663,26923,29500,27075,26191,31351,30771,30619,30639,30487,30199,32015,24177,24025,31863,29348,31503,31443,26343,30351,31383,31595,30931,31231,31083,24909,24757,21496,21648,18360,18438,18508,18216,18064,18586,18138,17986
"7",152,1412,4020,0,1260,4172,0,12050,152,1412,11972,4020,152,8764,8690,11524,11450,11602,4172,12202,8842,11372,4172,1260,4324,304,12124,1412,27711,26847,27863,26999,28443,27731,28595,27579,29903,32176,29751,29171,34331,33447,33599,33315,33467,33179,34691,26853,27005,34843,32328,34179,34423,29019,33027,34059,34271,33911,34211,33759,27585,27737,17628,17476,14188,14266,14336,14044,14196,14414,13966,14118
"8",12202,10942,8230,12050,10790,8382,12050,0,12202,10638,78,8230,11898,3590,3360,1030,800,952,8078,152,3512,878,8382,10790,8230,12050,230,10942,36865,36001,37017,36153,37725,37013,37877,36861,33425,34814,33273,32565,37097,36085,36237,35941,36093,35805,37457,30247,30399,37609,34966,36945,37049,32413,35653,36685,36897,36537,36837,36385,31107,31259,29230,29078,25790,25868,25938,25646,25798,26016,25568,25720
"9",0,1260,4172,152,1412,4020,152,12202,0,1564,12124,4172,304,8612,8842,11372,11602,11450,4324,12050,8690,11524,4020,1412,4172,152,11972,1260,27863,26999,27711,26847,28595,27579,28443,27731,29751,32328,29903,29019,34179,33599,33447,33467,33315,33027,34843,27005,26853,34691,32176,34331,34271,29171,33179,34211,34423,33759,34059,33911,27737,27585,17476,17628,14340,14418,14488,14196,14044,14566,14118,13966
"10",1564,304,4312,1412,152,4464,1412,10638,1564,0,10560,4312,1260,7352,7278,11512,11438,11590,4160,10790,7430,11360,4464,152,4312,1412,10712,304,26383,25519,26535,25671,27243,26531,27395,26379,28703,30848,28551,27843,33131,32119,32271,31975,32127,31839,33491,25525,25677,33643,31000,32979,33083,27691,31687,32719,32931,32571,32871,32419,26385,26537,18748,18596,15308,15386,15456,15164,15316,15534,15086,15238
"11",12124,10864,8152,11972,10712,8304,11972,78,12124,10560,0,8152,11820,3512,3438,952,878,1030,8000,230,3590,800,8304,10712,8152,11972,152,10864,36943,36079,37095,36231,37803,37091,37955,36939,33503,34892,33351,32643,37175,36163,36315,36019,36171,35883,37535,30325,30477,37687,35044,37023,37127,32491,35731,36763,36975,36615,36915,36463,31185,31337,29308,29156,25868,25946,26016,25724,25876,26094,25646,25798
"12",4172,4312,0,4020,4160,152,4020,8230,4172,4312,8152,0,4172,11664,11590,7504,7430,7582,152,8382,11742,7352,152,4160,304,4324,8304,4312,30643,29779,30795,29931,31375,30663,31527,30511,27075,29348,26923,26343,31503,30619,30771,30487,30639,30351,31863,24025,24177,32015,29500,31351,31595,26191,30199,31231,31443,31083,31383,30931,24757,24909,21648,21496,18208,18286,18356,18064,18216,18434,17986,18138
"13",304,1564,4172,152,1412,4324,152,11898,304,1260,11820,4172,0,8612,8538,11372,11298,11450,4020,12050,8690,11220,4324,1412,4172,152,11972,1564,27571,26707,27723,26859,28431,27719,28583,27567,29891,32036,29739,29031,34319,33307,33459,33163,33315,33027,34679,26713,26865,34831,32188,34167,34271,28879,32875,33907,34119,33759,34059,33607,27573,27725,17488,17336,14048,14126,14196,13904,14056,14274,13826,13978
"14",8612,7352,11664,8764,7504,11512,8764,3590,8612,7352,3512,11664,8612,0,230,4160,4390,4238,11512,3438,78,4312,11512,7504,11360,8460,3360,7352,33735,32871,33583,32719,34595,33579,34443,33731,35751,37444,35903,34891,39423,38715,38563,38571,38419,38131,40087,32877,32725,39935,37292,39575,39375,35043,38283,39315,39527,38863,39163,39015,33737,33585,25796,25948,22660,22738,22808,22516,22364,22886,22438,22286
"15",8842,7582,11590,8690,7430,11742,8690,3360,8842,7278,3438,11590,8538,230,0,4390,4160,4312,11438,3512,152,4238,11742,7430,11590,8690,3590,7582,33505,32641,33657,32793,34365,33653,34517,33501,35825,37214,35673,34965,39497,38485,38637,38341,38493,38205,39857,32647,32799,40009,37366,39345,39449,34813,38053,39085,39297,38937,39237,38785,33507,33659,25870,25718,22430,22508,22578,22286,22438,22656,22208,22360
"16",11372,11512,7504,11524,11664,7352,11524,1030,11372,11512,952,7504,11372,4160,4390,0,230,78,7352,878,4238,152,7352,11664,7200,11220,800,11512,37855,36991,37703,36839,38715,37699,38563,37851,34111,35804,34263,33251,37783,37075,36923,36931,36779,36491,38447,31237,31085,38295,35652,37935,37735,33403,36643,37675,37887,37223,37523,37375,32097,31945,28556,28708,25420,25498,25568,25276,25124,25646,25198,25046
"17",11602,11742,7430,11450,11590,7582,11450,800,11602,11438,878,7430,11298,4390,4160,230,0,152,7278,952,4312,78,7582,11590,7430,11450,1030,11742,37625,36761,37777,36913,38485,37773,38637,37621,34185,35574,34033,33325,37857,36845,36997,36701,36853,36565,38217,31007,31159,38369,35726,37705,37809,33173,36413,37445,37657,37297,37597,37145,31867,32019,28630,28478,25190,25268,25338,25046,25198,25416,24968,25120
"18",11450,11590,7582,11602,11742,7430,11602,952,11450,11590,1030,7582,11450,4238,4312,78,152,0,7430,800,4160,230,7430,11742,7278,11298,878,11590,37777,36913,37625,36761,38637,37621,38485,37773,34033,35726,34185,33173,37705,36997,36845,36853,36701,36413,38369,31159,31007,38217,35574,37857,37657,33325,36565,37597,37809,37145,37445,37297,32019,31867,28478,28630,25342,25420,25490,25198,25046,25568,25120,24968
"19",4324,4464,152,4172,4312,304,4172,8078,4324,4160,8000,152,4020,11512,11438,7352,7278,7430,0,8230,11590,7200,304,4312,152,4172,8152,4464,30503,29639,30655,29791,31363,30651,31515,30499,27063,29208,26911,26203,31491,30479,30631,30335,30487,30199,31851,23885,24037,32003,29360,31339,31443,26051,30047,31079,31291,30931,31231,30779,24745,24897,21508,21356,18068,18146,18216,17924,18076,18294,17846,17998
"20",12050,10790,8382,12202,10942,8230,12202,152,12050,10790,230,8382,12050,3438,3512,878,952,800,8230,0,3360,1030,8230,10942,8078,11898,78,10790,37017,36153,36865,36001,37877,36861,37725,37013,33273,34966,33425,32413,36945,36237,36085,36093,35941,35653,37609,30399,30247,37457,34814,37097,36897,32565,35805,36837,37049,36385,36685,36537,31259,31107,29078,29230,25942,26020,26090,25798,25646,26168,25720,25568
"21",8690,7430,11742,8842,7582,11590,8842,3512,8690,7430,3590,11742,8690,78,152,4238,4312,4160,11590,3360,0,4390,11590,7582,11438,8538,3438,7430,33657,32793,33505,32641,34517,33501,34365,33653,35673,37366,35825,34813,39345,38637,38485,38493,38341,38053,40009,32799,32647,39857,37214,39497,39297,34965,38205,39237,39449,38785,39085,38937,33659,33507,25718,25870,22582,22660,22730,22438,22286,22808,22360,22208
"22",11524,11664,7352,11372,11512,7504,11372,878,11524,11360,800,7352,11220,4312,4238,152,78,230,7200,1030,4390,0,7504,11512,7352,11372,952,11664,37703,36839,37855,36991,38563,37851,38715,37699,34263,35652,34111,33403,37935,36923,37075,36779,36931,36643,38295,31085,31237,38447,35804,37783,37887,33251,36491,37523,37735,37375,37675,37223,31945,32097,28708,28556,25268,25346,25416,25124,25276,25494,25046,25198
"23",4020,4160,152,4172,4312,0,4172,8382,4020,4464,8304,152,4324,11512,11742,7352,7582,7430,304,8230,11590,7504,0,4312,152,4172,8152,4160,30795,29931,30643,29779,31527,30511,31375,30663,26923,29500,27075,26191,31351,30771,30619,30639,30487,30199,32015,24177,24025,31863,29348,31503,31443,26343,30351,31383,31595,30931,31231,31083,24909,24757,21496,21648,18360,18438,18508,18216,18064,18586,18138,17986
"24",1412,152,4160,1260,0,4312,1260,10790,1412,152,10712,4160,1412,7504,7430,11664,11590,11742,4312,10942,7582,11512,4312,0,4464,1564,10864,152,26523,25659,26675,25811,27255,26543,27407,26391,28715,30988,28563,27983,33143,32259,32411,32127,32279,31991,33503,25665,25817,33655,31140,32991,33235,27831,31839,32871,33083,32723,33023,32571,26397,26549,18888,18736,15448,15526,15596,15304,15456,15674,15226,15378
"25",4172,4312,304,4324,4464,152,4324,8230,4172,4312,8152,304,4172,11360,11590,7200,7430,7278,152,8078,11438,7352,152,4464,0,4020,8000,4312,30655,29791,30503,29639,31515,30499,31363,30651,26911,29360,27063,26051,31339,30631,30479,30487,30335,30047,32003,24037,23885,31851,29208,31491,31291,26203,30199,31231,31443,30779,31079,30931,24897,24745,21356,21508,18220,18298,18368,18076,17924,18446,17998,17846
"26",152,1412,4324,304,1564,4172,304,12050,152,1412,11972,4324,152,8460,8690,11220,11450,11298,4172,11898,8538,11372,4172,1564,4020,0,11820,1412,27723,26859,27571,26707,28583,27567,28431,27719,29739,32188,29891,28879,34167,33459,33307,33315,33163,32875,34831,26865,26713,34679,32036,34319,34119,29031,33027,34059,34271,33607,33907,33759,27725,27573,17336,17488,14200,14278,14348,14056,13904,14426,13978,13826
"27",11972,10712,8304,12124,10864,8152,12124,230,11972,10712,152,8304,11972,3360,3590,800,1030,878,8152,78,3438,952,8152,10864,8000,11820,0,10712,37095,36231,36943,36079,37955,36939,37803,37091,33351,35044,33503,32491,37023,36315,36163,36171,36019,35731,37687,30477,30325,37535,34892,37175,36975,32643,35883,36915,37127,36463,36763,36615,31337,31185,29156,29308,26020,26098,26168,25876,25724,26246,25798,25646
"28",1260,0,4312,1412,152,4160,1412,10942,1260,304,10864,4312,1564,7352,7582,11512,11742,11590,4464,10790,7430,11664,4160,152,4312,1412,10712,0,26675,25811,26523,25659,27407,26391,27255,26543,28563,31140,28715,27831,32991,32411,32259,32279,32127,31839,33655,25817,25665,33503,30988,33143,33083,27983,31991,33023,33235,32571,32871,32723,26549,26397,18736,18888,15600,15678,15748,15456,15304,15826,15378,15226
"29",27863,26675,30643,27711,26523,30795,27711,36865,27863,26383,36943,30643,27571,33735,33505,37855,37625,37777,30503,37017,33657,37703,30795,26523,30655,27723,37095,26675,0,1728,152,1880,2432,4312,2584,4160,18932,24980,18780,16500,25952,23368,23520,24088,24240,23952,26312,14182,14334,26464,25132,25800,26000,16348,23800,25368,25848,25488,25520,25336,16614,16766,23473,23321,26440,25558,26588,25336,25488,25706,26218,26370
"30",26999,25811,29779,26847,25659,29931,26847,36001,26999,25519,36079,29779,26707,32871,32641,36991,36761,36913,29639,36153,32793,36839,29931,25659,29791,26859,36231,25811,1728,0,1880,152,4160,2584,4312,2432,20660,23252,20508,18228,24224,21640,21792,22360,22512,22224,24584,15910,16062,24736,23404,24072,24272,18076,22072,23640,24120,23760,23792,23608,18342,18494,21745,21593,24712,23830,24860,23608,23760,23978,24490,24642
"31",27711,26523,30795,27863,26675,30643,27863,37017,27711,26535,37095,30795,27723,33583,33657,37703,37777,37625,30655,36865,33505,37855,30643,26675,30503,27571,36943,26523,152,1880,0,1728,2584,4160,2432,4312,18780,25132,18932,16348,25800,23520,23368,24240,24088,23800,26464,14334,14182,26312,24980,25952,25848,16500,23952,25520,26000,25336,25368,25488,16766,16614,23321,23473,26592,25710,26740,25488,25336,25858,26370,26218
"32",26847,25659,29931,26999,25811,29779,26999,36153,26847,25671,36231,29931,26859,32719,32793,36839,36913,36761,29791,36001,32641,36991,29779,25811,29639,26707,36079,25659,1880,152,1728,0,4312,2432,4160,2584,20508,23404,20660,18076,24072,21792,21640,22512,22360,22072,24736,16062,15910,24584,23252,24224,24120,18228,22224,23792,24272,23608,23640,23760,18494,18342,21593,21745,24864,23982,25012,23760,23608,24130,24642,24490
"33",28595,27407,31375,28443,27255,31527,28443,37725,28595,27243,37803,31375,28431,34595,34365,38715,38485,38637,31363,37877,34517,38563,31527,27255,31515,28583,37955,27407,2432,4160,2584,4312,0,1880,152,1728,16500,27412,16348,18932,23520,25800,25952,25752,25904,25616,23880,16614,16766,24032,27564,23368,24592,18780,25464,24984,24440,24080,25136,23928,14182,14334,25905,25753,28872,27990,29020,27768,27920,28138,28650,28802
"34",27579,26391,30663,27731,26543,30511,27731,37013,27579,26531,37091,30663,27719,33579,33653,37699,37773,37621,30651,36861,33501,37851,30511,26543,30499,27567,36939,26391,4312,2584,4160,2432,1880,0,1728,152,18076,25836,18228,20508,21640,24224,24072,24176,24024,23736,22304,18494,18342,22152,25684,21792,22712,20660,23888,23408,22864,22200,23256,22352,16062,15910,24025,24177,27296,26414,27444,26192,26040,26562,27074,26922
"35",28443,27255,31527,28595,27407,31375,28595,37877,28443,27395,37955,31527,28583,34443,34517,38563,38637,38485,31515,37725,34365,38715,31375,27407,31363,28431,37803,27255,2584,4312,2432,4160,152,1728,0,1880,16348,27564,16500,18780,23368,25952,25800,25904,25752,25464,24032,16766,16614,23880,27412,23520,24440,18932,25616,25136,24592,23928,24984,24080,14334,14182,25753,25905,29024,28142,29172,27920,27768,28290,28802,28650
"36",27731,26543,30511,27579,26391,30663,27579,36861,27731,26379,36939,30511,27567,33731,33501,37851,37621,37773,30499,37013,33653,37699,30663,26391,30651,27719,37091,26543,4160,2432,4312,2584,1728,152,1880,0,18228,25684,18076,20660,21792,24072,24224,24024,24176,23888,22152,18342,18494,22304,25836,21640,22864,20508,23736,23256,22712,22352,23408,22200,15910,16062,24177,24025,27144,26262,27292,26040,26192,26410,26922,27074
"37",29751,28563,27075,29903,28715,26923,29903,33425,29751,28703,33503,27075,29891,35751,35825,34111,34185,34033,27063,33273,35673,34263,26923,28715,26911,29739,33351,28563,18932,20660,18780,20508,16500,18076,16348,18228,0,11216,152,2432,7020,9604,9452,9556,9404,9116,7684,4750,4598,7532,11064,7172,8092,2584,9268,8788,8244,7580,8636,7732,2318,2166,21570,21722,22580,21698,22728,21476,21324,21846,22358,22206
"38",32328,31140,29348,32176,30988,29500,32176,34814,32328,30848,34892,29348,32036,37444,37214,35804,35574,35726,29208,34966,37366,35652,29500,30988,29360,32188,35044,31140,24980,23252,25132,23404,27412,25836,27564,25684,11216,0,11064,8784,4196,1612,1764,2332,2484,2196,4556,10798,10950,4708,152,4044,4244,8632,2044,3612,4092,3732,3764,3580,13230,13382,21242,21090,21948,21066,22096,20844,20996,21214,21726,21878
"39",29903,28715,26923,29751,28563,27075,29751,33273,29903,28551,33351,26923,29739,35903,35673,34263,34033,34185,26911,33425,35825,34111,27075,28563,27063,29891,33503,28715,18780,20508,18932,20660,16348,18228,16500,18076,152,11064,0,2584,7172,9452,9604,9404,9556,9268,7532,4598,4750,7684,11216,7020,8244,2432,9116,8636,8092,7732,8788,7580,2166,2318,21722,21570,22428,21546,22576,21324,21476,21694,22206,22358
"40",29019,27831,26343,29171,27983,26191,29171,32565,29019,27843,32643,26343,29031,34891,34965,33251,33325,33173,26203,32413,34813,33403,26191,27983,26051,28879,32491,27831,16500,18228,16348,18076,18932,20508,18780,20660,2432,8784,2584,0,9452,7172,7020,7892,7740,7452,10116,2318,2166,9964,8632,9604,9500,152,7604,9172,9652,8988,9020,9140,4750,4598,19138,19290,20148,19266,20296,19044,18892,19414,19926,19774
"41",34179,32991,31503,34331,33143,31351,34331,37097,34179,33131,37175,31503,34319,39423,39497,37783,37857,37705,31491,36945,39345,37935,31351,33143,31339,34167,37023,32991,25952,24224,25800,24072,23520,21640,23368,21792,7020,4196,7172,9452,0,2584,2432,2536,2384,2096,664,11770,11618,512,4044,152,1072,9604,2248,1768,1224,560,1616,712,9338,9186,25134,25286,26144,25262,26292,25040,24888,25410,25922,25770
"42",33599,32411,30619,33447,32259,30771,33447,36085,33599,32119,36163,30619,33307,38715,38485,37075,36845,36997,30479,36237,38637,36923,30771,32259,30631,33459,36315,32411,23368,21640,23520,21792,25800,24224,25952,24072,9604,1612,9452,7172,2584,0,152,720,872,584,2944,9186,9338,3096,1764,2432,2632,7020,432,2000,2480,2120,2152,1968,11618,11770,22854,22702,23560,22678,23708,22456,22608,22826,23338,23490
"43",33447,32259,30771,33599,32411,30619,33599,36237,33447,32271,36315,30771,33459,38563,38637,36923,36997,36845,30631,36085,38485,37075,30619,32411,30479,33307,36163,32259,23520,21792,23368,21640,25952,24072,25800,24224,9452,1764,9604,7020,2432,152,0,872,720,432,3096,9338,9186,2944,1612,2584,2480,7172,584,2152,2632,1968,2000,2120,11770,11618,22702,22854,23712,22830,23860,22608,22456,22978,23490,23338
"44",33467,32279,30487,33315,32127,30639,33315,35941,33467,31975,36019,30487,33163,38571,38341,36931,36701,36853,30335,36093,38493,36779,30639,32127,30487,33315,36171,32279,24088,22360,24240,22512,25752,24176,25904,24024,9556,2332,9404,7892,2536,720,872,0,152,440,2640,9906,10058,2792,2484,2384,2232,7740,288,1280,2080,1976,1432,1824,11570,11722,23574,23422,24280,23398,24428,23176,23328,23546,24058,24210
"45",33315,32127,30639,33467,32279,30487,33467,36093,33315,32127,36171,30639,33315,38419,38493,36779,36853,36701,30487,35941,38341,36931,30487,32279,30335,33163,36019,32127,24240,22512,24088,22360,25904,24024,25752,24176,9404,2484,9556,7740,2384,872,720,152,0,288,2792,10058,9906,2640,2332,2536,2080,7892,440,1432,2232,1824,1280,1976,11722,11570,23422,23574,24432,23550,24580,23328,23176,23698,24210,24058
"46",33027,31839,30351,33179,31991,30199,33179,35805,33027,31839,35883,30351,33027,38131,38205,36491,36565,36413,30199,35653,38053,36643,30199,31991,30047,32875,35731,31839,23952,22224,23800,22072,25616,23736,25464,23888,9116,2196,9268,7452,2096,584,432,440,288,0,2760,9770,9618,2608,2044,2248,2048,7604,152,1720,2200,1536,1568,1688,11434,11282,23134,23286,24144,23262,24292,23040,22888,23410,23922,23770
"47",34843,33655,31863,34691,33503,32015,34691,37457,34843,33491,37535,31863,34679,40087,39857,38447,38217,38369,31851,37609,40009,38295,32015,33503,32003,34831,37687,33655,26312,24584,26464,24736,23880,22304,24032,22152,7684,4556,7532,10116,664,2944,3096,2640,2792,2760,0,12130,12282,152,4708,512,712,9964,2608,1616,560,1224,1768,1072,9698,9850,25798,25646,26504,25622,26652,25400,25552,25770,26282,26434
"48",27005,25817,24025,26853,25665,24177,26853,30247,27005,25525,30325,24025,26713,32877,32647,31237,31007,31159,23885,30399,32799,31085,24177,25665,24037,26865,30477,25817,14182,15910,14334,16062,16614,18494,16766,18342,4750,10798,4598,2318,11770,9186,9338,9906,10058,9770,12130,0,152,12282,10950,11618,11818,2166,9618,11186,11666,11306,11338,11154,2432,2584,20734,20582,22162,21280,22310,21058,21210,21428,21940,22092
"49",26853,25665,24177,27005,25817,24025,27005,30399,26853,25677,30477,24177,26865,32725,32799,31085,31159,31007,24037,30247,32647,31237,24025,25817,23885,26713,30325,25665,14334,16062,14182,15910,16766,18342,16614,18494,4598,10950,4750,2166,11618,9338,9186,10058,9906,9618,12282,152,0,12130,10798,11770,11666,2318,9770,11338,11818,11154,11186,11306,2584,2432,20582,20734,22314,21432,22462,21210,21058,21580,22092,21940
"50",34691,33503,32015,34843,33655,31863,34843,37609,34691,33643,37687,32015,34831,39935,40009,38295,38369,38217,32003,37457,39857,38447,31863,33655,31851,34679,37535,33503,26464,24736,26312,24584,24032,22152,23880,22304,7532,4708,7684,9964,512,3096,2944,2792,2640,2608,152,12282,12130,0,4556,664,560,10116,2760,1768,712,1072,1616,1224,9850,9698,25646,25798,26656,25774,26804,25552,25400,25922,26434,26282
"51",32176,30988,29500,32328,31140,29348,32328,34966,32176,31000,35044,29500,32188,37292,37366,35652,35726,35574,29360,34814,37214,35804,29348,31140,29208,32036,34892,30988,25132,23404,24980,23252,27564,25684,27412,25836,11064,152,11216,8632,4044,1764,1612,2484,2332,2044,4708,10950,10798,4556,0,4196,4092,8784,2196,3764,4244,3580,3612,3732,13382,13230,21090,21242,22100,21218,22248,20996,20844,21366,21878,21726
"52",34331,33143,31351,34179,32991,31503,34179,36945,34331,32979,37023,31351,34167,39575,39345,37935,37705,37857,31339,37097,39497,37783,31503,32991,31491,34319,37175,33143,25800,24072,25952,24224,23368,21792,23520,21640,7172,4044,7020,9604,152,2432,2584,2384,2536,2248,512,11618,11770,664,4196,0,1224,9452,2096,1616,1072,712,1768,560,9186,9338,25286,25134,25992,25110,26140,24888,25040,25258,25770,25922
"53",34271,33083,31595,34423,33235,31443,34423,37049,34271,33083,37127,31595,34271,39375,39449,37735,37809,37657,31443,36897,39297,37887,31443,33235,31291,34119,36975,33083,26000,24272,25848,24120,24592,22712,24440,22864,8092,4244,8244,9500,1072,2632,2480,2232,2080,2048,712,11818,11666,560,4092,1224,0,9652,2200,1208,152,512,1056,664,10410,10258,25182,25334,26192,25310,26340,25088,24936,25458,25970,25818
"54",29171,27983,26191,29019,27831,26343,29019,32413,29171,27691,32491,26191,28879,35043,34813,33403,33173,33325,26051,32565,34965,33251,26343,27831,26203,29031,32643,27983,16348,18076,16500,18228,18780,20660,18932,20508,2584,8632,2432,152,9604,7020,7172,7740,7892,7604,9964,2166,2318,10116,8784,9452,9652,0,7452,9020,9500,9140,9172,8988,4598,4750,19290,19138,19996,19114,20144,18892,19044,19262,19774,19926
"55",33179,31991,30199,33027,31839,30351,33027,35653,33179,31687,35731,30199,32875,38283,38053,36643,36413,36565,30047,35805,38205,36491,30351,31839,30199,33027,35883,31991,23800,22072,23952,22224,25464,23888,25616,23736,9268,2044,9116,7604,2248,432,584,288,440,152,2608,9618,9770,2760,2196,2096,2200,7452,0,1568,2048,1688,1720,1536,11282,11434,23286,23134,23992,23110,24140,22888,23040,23258,23770,23922
"56",34211,33023,31231,34059,32871,31383,34059,36685,34211,32719,36763,31231,33907,39315,39085,37675,37445,37597,31079,36837,39237,37523,31383,32871,31231,34059,36915,33023,25368,23640,25520,23792,24984,23408,25136,23256,8788,3612,8636,9172,1768,2000,2152,1280,1432,1720,1616,11186,11338,1768,3764,1616,1208,9020,1568,0,1056,1208,152,1056,10802,10954,24854,24702,25560,24678,25708,24456,24608,24826,25338,25490
"57",34423,33235,31443,34271,33083,31595,34271,36897,34423,32931,36975,31443,34119,39527,39297,37887,37657,37809,31291,37049,39449,37735,31595,33083,31443,34271,37127,33235,25848,24120,26000,24272,24440,22864,24592,22712,8244,4092,8092,9652,1224,2480,2632,2080,2232,2200,560,11666,11818,712,4244,1072,152,9500,2048,1056,0,664,1208,512,10258,10410,25334,25182,26040,25158,26188,24936,25088,25306,25818,25970
"58",33759,32571,31083,33911,32723,30931,33911,36537,33759,32571,36615,31083,33759,38863,38937,37223,37297,37145,30931,36385,38785,37375,30931,32723,30779,33607,36463,32571,25488,23760,25336,23608,24080,22200,23928,22352,7580,3732,7732,8988,560,2120,1968,1976,1824,1536,1224,11306,11154,1072,3580,712,512,9140,1688,1208,664,0,1056,152,9898,9746,24670,24822,25680,24798,25828,24576,24424,24946,25458,25306
"59",34059,32871,31383,34211,33023,31231,34211,36837,34059,32871,36915,31383,34059,39163,39237,37523,37597,37445,31231,36685,39085,37675,31231,33023,31079,33907,36763,32871,25520,23792,25368,23640,25136,23256,24984,23408,8636,3764,8788,9020,1616,2152,2000,1432,1280,1568,1768,11338,11186,1616,3612,1768,1056,9172,1720,152,1208,1056,0,1208,10954,10802,24702,24854,25712,24830,25860,24608,24456,24978,25490,25338
"60",33911,32723,30931,33759,32571,31083,33759,36385,33911,32419,36463,30931,33607,39015,38785,37375,37145,37297,30779,36537,38937,37223,31083,32571,30931,33759,36615,32723,25336,23608,25488,23760,23928,22352,24080,22200,7732,3580,7580,9140,712,1968,2120,1824,1976,1688,1072,11154,11306,1224,3732,560,664,8988,1536,1056,512,152,1208,0,9746,9898,24822,24670,25528,24646,25676,24424,24576,24794,25306,25458
"61",27737,26549,24757,27585,26397,24909,27585,31107,27737,26385,31185,24757,27573,33737,33507,32097,31867,32019,24745,31259,33659,31945,24909,26397,24897,27725,31337,26549,16614,18342,16766,18494,14182,16062,14334,15910,2318,13230,2166,4750,9338,11618,11770,11570,11722,11434,9698,2432,2584,9850,13382,9186,10410,4598,11282,10802,10258,9898,10954,9746,0,152,23166,23014,24594,23712,24742,23490,23642,23860,24372,24524
"62",27585,26397,24909,27737,26549,24757,27737,31259,27585,26537,31337,24909,27725,33585,33659,31945,32019,31867,24897,31107,33507,32097,24757,26549,24745,27573,31185,26397,16766,18494,16614,18342,14334,15910,14182,16062,2166,13382,2318,4598,9186,11770,11618,11722,11570,11282,9850,2584,2432,9698,13230,9338,10258,4750,11434,10954,10410,9746,10802,9898,152,0,23014,23166,24746,23864,24894,23642,23490,24012,24524,24372
"63",17476,18736,21648,17628,18888,21496,17628,29230,17476,18748,29308,21648,17488,25796,25870,28556,28630,28478,21508,29078,25718,28708,21496,18888,21356,17336,29156,18736,23473,21745,23321,21593,25905,24025,25753,24177,21570,21242,21722,19138,25134,22854,22702,23574,23422,23134,25798,20734,20582,25646,21090,25286,25182,19290,23286,24854,25334,24670,24702,24822,23166,23014,0,152,7646,9012,7794,8790,8638,9160,7424,7272
"64",17628,18888,21496,17476,18736,21648,17476,29078,17628,18596,29156,21496,17336,25948,25718,28708,28478,28630,21356,29230,25870,28556,21648,18736,21508,17488,29308,18888,23321,21593,23473,21745,25753,24177,25905,24025,21722,21090,21570,19290,25286,22702,22854,23422,23574,23286,25646,20582,20734,25798,21242,25134,25334,19138,23134,24702,25182,24822,24854,24670,23014,23166,152,0,7494,8860,7642,8638,8790,9008,7272,7424
"65",14340,15600,18208,14188,15448,18360,14188,25790,14340,15308,25868,18208,14048,22660,22430,25420,25190,25342,18068,25942,22582,25268,18360,15448,18220,14200,26020,15600,26440,24712,26592,24864,28872,27296,29024,27144,22580,21948,22428,20148,26144,23560,23712,24280,24432,24144,26504,22162,22314,26656,22100,25992,26192,19996,23992,25560,26040,25680,25712,25528,24594,24746,7646,7494,0,1422,148,1644,1796,1570,222,374
"66",14418,15678,18286,14266,15526,18438,14266,25868,14418,15386,25946,18286,14126,22738,22508,25498,25268,25420,18146,26020,22660,25346,18438,15526,18298,14278,26098,15678,25558,23830,25710,23982,27990,26414,28142,26262,21698,21066,21546,19266,25262,22678,22830,23398,23550,23262,25622,21280,21432,25774,21218,25110,25310,19114,23110,24678,25158,24798,24830,24646,23712,23864,9012,8860,1422,0,1570,222,374,148,1644,1796
"67",14488,15748,18356,14336,15596,18508,14336,25938,14488,15456,26016,18356,14196,22808,22578,25568,25338,25490,18216,26090,22730,25416,18508,15596,18368,14348,26168,15748,26588,24860,26740,25012,29020,27444,29172,27292,22728,22096,22576,20296,26292,23708,23860,24428,24580,24292,26652,22310,22462,26804,22248,26140,26340,20144,24140,25708,26188,25828,25860,25676,24742,24894,7794,7642,148,1570,0,1792,1944,1422,370,522
"68",14196,15456,18064,14044,15304,18216,14044,25646,14196,15164,25724,18064,13904,22516,22286,25276,25046,25198,17924,25798,22438,25124,18216,15304,18076,14056,25876,15456,25336,23608,25488,23760,27768,26192,27920,26040,21476,20844,21324,19044,25040,22456,22608,23176,23328,23040,25400,21058,21210,25552,20996,24888,25088,18892,22888,24456,24936,24576,24608,24424,23490,23642,8790,8638,1644,222,1792,0,152,370,1422,1574
"69",14044,15304,18216,14196,15456,18064,14196,25798,14044,15316,25876,18216,14056,22364,22438,25124,25198,25046,18076,25646,22286,25276,18064,15456,17924,13904,25724,15304,25488,23760,25336,23608,27920,26040,27768,26192,21324,20996,21476,18892,24888,22608,22456,23328,23176,22888,25552,21210,21058,25400,20844,25040,24936,19044,23040,24608,25088,24424,24456,24576,23642,23490,8638,8790,1796,374,1944,152,0,522,1574,1422
"70",14566,15826,18434,14414,15674,18586,14414,26016,14566,15534,26094,18434,14274,22886,22656,25646,25416,25568,18294,26168,22808,25494,18586,15674,18446,14426,26246,15826,25706,23978,25858,24130,28138,26562,28290,26410,21846,21214,21694,19414,25410,22826,22978,23546,23698,23410,25770,21428,21580,25922,21366,25258,25458,19262,23258,24826,25306,24946,24978,24794,23860,24012,9160,9008,1570,148,1422,370,522,0,1792,1944
"71",14118,15378,17986,13966,15226,18138,13966,25568,14118,15086,25646,17986,13826,22438,22208,25198,24968,25120,17846,25720,22360,25046,18138,15226,17998,13978,25798,15378,26218,24490,26370,24642,28650,27074,28802,26922,22358,21726,22206,19926,25922,23338,23490,24058,24210,23922,26282,21940,22092,26434,21878,25770,25970,19774,23770,25338,25818,25458,25490,25306,24372,24524,7424,7272,222,1644,370,1422,1574,1792,0,152
"72",13966,15226,18138,14118,15378,17986,14118,25720,13966,15238,25798,18138,13978,22286,22360,25046,25120,24968,17998,25568,22208,25198,17986,15378,17846,13826,25646,15226,26370,24642,26218,24490,28802,26922,28650,27074,22206,21878,22358,19774,25770,23490,23338,24210,24058,23770,26434,22092,21940,26282,21726,25922,25818,19926,23922,25490,25970,25306,25338,25458,24524,24372,7272,7424,374,1796,522,1574,1422,1944,152,0
