"","V1","V2","V3","V4","V5","V6","V7","V8","V9","V10","V11","V12","V13","V14","V15","V16","V17","V18","V19","V20","V21","V22","V23","V24","V25","V26","V27","V28","V29","V30","V31","V32","V33","V34","V35","V36","V37","V38","V39","V40","V41","V42","V43"
"1",0,2460,4620,173505,171345,175965,172647,2160,170187,55244,50624,173805,53084,52784,172347,174807,218249,217934,219464,216719,211871,2460,0,210341,218306,6672,14057,4620,11597,9437,2160,11897,9132,4512,6972,307077,303419,307191,305203,307195,303305,288343,288310
"2",2460,0,2160,175965,173805,173505,170187,4620,172647,52784,53084,171345,50624,55244,174807,172347,220709,220394,221924,219179,214331,0,2460,212801,220766,9132,11597,2160,14057,11897,4620,9437,6672,6972,4512,307194,303423,307195,305085,307077,303422,287491,287458
"3",4620,2160,0,173805,175965,171345,172347,2460,174807,50624,55244,173505,52784,53084,172647,170187,218549,218234,219764,217019,212171,2160,4620,210641,218606,6972,9437,0,11897,14057,2460,11597,4512,9132,6672,306074,305583,306075,305397,305957,305582,287203,287170
"4",173505,175965,173805,0,2160,2460,5952,171345,3492,155915,155615,4620,158075,153455,1332,3792,220391,218736,217056,222071,227676,175965,173505,229356,218388,175227,177482,173805,175022,177182,171345,179642,177687,177387,179847,290576,290198,290690,290134,290694,290084,280433,280574
"5",171345,173805,175965,2160,0,4620,3792,173505,1332,158075,153455,2460,155915,155615,3492,5952,222551,220896,219216,224231,229836,173805,171345,231516,220548,177387,179642,175965,177182,175022,173505,177482,179847,175227,177687,291696,288038,291810,289822,291814,287924,280721,280862
"6",175965,173505,171345,2460,4620,0,3492,173805,5952,153455,158075,2160,155615,155915,3792,1332,222851,221196,219516,224531,230136,173505,175965,231816,220848,177687,175022,171345,177482,179642,173805,177182,175227,179847,177387,290693,290202,290694,290016,290576,290201,279581,279722
"7",172647,170187,172347,5952,3792,3492,0,174807,2460,154457,154757,1332,152297,156917,4620,2160,226343,222048,223008,225383,233628,170187,172647,232668,221676,179037,177452,172347,179912,177752,174807,175292,176577,176877,174417,291457,287686,291458,289348,291340,287685,281201,281342
"8",2160,4620,2460,171345,173505,173805,174807,0,172347,53084,52784,175965,55244,50624,170187,172647,216089,215774,217304,214559,209711,4620,2160,208181,216146,4512,11897,2460,9437,11597,0,14057,6972,6672,9132,305957,305579,306071,305515,306075,305465,288055,288022
"9",170187,172647,174807,3492,1332,5952,2460,172347,0,156917,152297,3792,154757,154457,2160,4620,223883,219588,220548,222923,231168,172647,170187,230208,219216,176577,179912,174807,177452,175292,172347,177752,179037,174417,176877,291340,287682,291454,289466,291458,287568,282053,282194
"10",55244,52784,50624,155915,158075,153455,154457,53084,156917,0,4620,155615,2160,2460,154757,152297,208225,198914,200444,206695,208555,52784,55244,207025,199286,57596,60061,50624,62521,64681,53084,62221,55136,59756,57296,263738,263247,263739,263061,263621,263246,246575,246794
"11",50624,53084,55244,155615,153455,158075,154757,52784,152297,4620,0,155915,2460,2160,154457,156917,207925,198614,200144,206395,208255,53084,50624,206725,198986,57296,64681,55244,62221,60061,52784,62521,59756,55136,57596,264741,261083,264855,262867,264859,260969,247715,247934
"12",173805,171345,173505,4620,2460,2160,1332,175965,3792,155615,155915,0,153455,158075,5952,3492,225011,223356,221676,226691,232296,171345,173805,233976,223008,179847,177182,173505,179642,177482,175965,175022,177387,177687,175227,291813,288042,291814,289704,291696,288041,279869,280010
"13",53084,50624,52784,158075,155915,155615,152297,55244,154757,2160,2460,153455,0,4620,156917,154457,210385,201074,202604,208855,210715,50624,53084,209185,201446,59756,62221,52784,64681,62521,55244,60061,57296,57596,55136,264858,261087,264859,262749,264741,261086,246863,247082
"14",52784,55244,53084,153455,155615,155915,156917,50624,154457,2460,2160,158075,4620,0,152297,154757,205765,196454,197984,204235,206095,55244,52784,204565,196826,55136,62521,53084,60061,62221,50624,64681,57596,57296,59756,263621,263243,263735,263179,263739,263129,247427,247646
"15",172347,174807,172647,1332,3492,3792,4620,170187,2160,154757,154457,5952,156917,152297,0,2460,221723,217428,218388,220763,229008,174807,172347,228048,217056,174417,177752,172647,175292,177452,170187,179912,176877,176577,179037,290220,289842,290334,289778,290338,289728,281765,281906
"16",174807,172347,170187,3792,5952,1332,2160,172647,4620,152297,156917,3492,154457,154757,2460,0,224183,219888,220848,223223,231468,172347,174807,230508,219516,176877,175292,170187,177752,179912,172647,177452,174417,179037,176577,290337,289846,290338,289660,290220,289845,280913,281054
"17",218249,220709,218549,220391,222551,222851,226343,216089,223883,208225,207925,225011,210385,205765,221723,224183,0,9565,7885,1680,11838,220709,218249,13518,9217,219971,222226,218549,219766,221926,216089,224386,222431,222131,224591,144754,144482,144870,144420,144876,144366,151679,151823
"18",217934,220394,218234,218736,220896,221196,222048,215774,219588,198914,198614,223356,201074,196454,217428,219888,9565,0,1680,7885,20193,220394,217934,18513,372,220286,223621,218234,221161,223321,215774,225781,222746,222446,224906,137481,137209,137597,137147,137603,137093,150236,150422
"19",219464,221924,219764,217056,219216,219516,223008,217304,220548,200444,200144,221676,202604,197984,218388,220848,7885,1680,0,9565,18513,221924,219464,20193,1332,221186,223441,219764,220981,223141,217304,225601,223646,223346,225806,137961,137689,138077,137627,138083,137573,148556,148742
"20",216719,219179,217019,222071,224231,224531,225383,214559,222923,206695,206395,226691,208855,204235,220763,223223,1680,7885,9565,0,13518,219179,216719,11838,8257,219071,222406,217019,219946,222106,214559,224566,221531,221231,223691,144274,144002,144390,143940,144396,143886,153359,153503
"21",211871,214331,212171,227676,229836,230136,233628,209711,231168,208555,208255,232296,210715,206095,229008,231468,11838,20193,18513,13518,0,214331,211871,1680,19845,213593,215848,212171,213388,215548,209711,218008,216053,215753,218213,137614,137342,137730,137280,137736,137226,154773,154875
"22",2460,0,2160,175965,173805,173505,170187,4620,172647,52784,53084,171345,50624,55244,174807,172347,220709,220394,221924,219179,214331,0,2460,212801,220766,9132,11597,2160,14057,11897,4620,9437,6672,6972,4512,307194,303423,307195,305085,307077,303422,287491,287458
"23",0,2460,4620,173505,171345,175965,172647,2160,170187,55244,50624,173805,53084,52784,172347,174807,218249,217934,219464,216719,211871,2460,0,210341,218306,6672,14057,4620,11597,9437,2160,11897,9132,4512,6972,307077,303419,307191,305203,307195,303305,288343,288310
"24",210341,212801,210641,229356,231516,231816,232668,208181,230208,207025,206725,233976,209185,204565,228048,230508,13518,18513,20193,11838,1680,212801,210341,0,18885,212693,216028,210641,213568,215728,208181,218188,215153,214853,217313,137134,136862,137250,136800,137256,136746,156453,156555
"25",218306,220766,218606,218388,220548,220848,221676,216146,219216,199286,198986,223008,201446,196826,217056,219516,9217,372,1332,8257,19845,220766,218306,18885,0,220376,223711,218606,221251,223411,216146,225871,222836,222536,224996,137605,137333,137721,137271,137727,137217,149888,150074
"26",6672,9132,6972,175227,177387,177687,179037,4512,176577,57596,57296,179847,59756,55136,174417,176877,219971,220286,221186,219071,213593,9132,6672,212693,220376,0,7385,6972,4925,7085,4512,9545,2460,2160,4620,309913,309535,310027,309471,310031,309421,291937,291904
"27",14057,11597,9437,177482,179642,175022,177452,11897,179912,60061,64681,177182,62221,62521,177752,175292,222226,223621,223441,222406,215848,11597,14057,216028,223711,7385,0,9437,2460,4620,11897,2160,4925,9545,7085,309885,309394,309886,309208,309768,309393,290880,290847
"28",4620,2160,0,173805,175965,171345,172347,2460,174807,50624,55244,173505,52784,53084,172647,170187,218549,218234,219764,217019,212171,2160,4620,210641,218606,6972,9437,0,11897,14057,2460,11597,4512,9132,6672,306074,305583,306075,305397,305957,305582,287203,287170
"29",11597,14057,11897,175022,177182,177482,179912,9437,177452,62521,62221,179642,64681,60061,175292,177752,219766,221161,220981,219946,213388,14057,11597,213568,221251,4925,2460,11897,0,2160,9437,4620,7385,7085,9545,309768,309390,309882,309326,309886,309276,291732,291699
"30",9437,11897,14057,177182,175022,179642,177752,11597,175292,64681,60061,177482,62521,62221,177452,179912,221926,223321,223141,222106,215548,11897,9437,215728,223411,7085,4620,14057,2160,0,11597,2460,9545,4925,7385,310888,307230,311002,309014,311006,307116,292020,291987
"31",2160,4620,2460,171345,173505,173805,174807,0,172347,53084,52784,175965,55244,50624,170187,172647,216089,215774,217304,214559,209711,4620,2160,208181,216146,4512,11897,2460,9437,11597,0,14057,6972,6672,9132,305957,305579,306071,305515,306075,305465,288055,288022
"32",11897,9437,11597,179642,177482,177182,175292,14057,177752,62221,62521,175022,60061,64681,179912,177452,224386,225781,225601,224566,218008,9437,11897,218188,225871,9545,2160,11597,4620,2460,14057,0,7085,7385,4925,311005,307234,311006,308896,310888,307233,291168,291135
"33",9132,6672,4512,177687,179847,175227,176577,6972,179037,55136,59756,177387,57296,57596,176877,174417,222431,222746,223646,221531,216053,6672,9132,215153,222836,2460,4925,4512,7385,9545,6972,7085,0,4620,2160,310030,309539,310031,309353,309913,309538,291085,291052
"34",4512,6972,9132,177387,175227,179847,176877,6672,174417,59756,55136,177687,57596,57296,176577,179037,222131,222446,223346,221231,215753,6972,4512,214853,222536,2160,9545,9132,7085,4925,6672,7385,4620,0,2460,311033,307375,311147,309159,311151,307261,292225,292192
"35",6972,4512,6672,179847,177687,177387,174417,9132,176877,57296,57596,175227,55136,59756,179037,176577,224591,224906,225806,223691,218213,4512,6972,217313,224996,4620,7085,6672,9545,7385,9132,4925,2160,2460,0,311150,307379,311151,309041,311033,307378,291373,291340
"36",307077,307194,306074,290576,291696,290693,291457,305957,291340,263738,264741,291813,264858,263621,290220,290337,144754,137481,137961,144274,137614,307194,307077,137134,137605,309913,309885,306074,309768,310888,305957,311005,310030,311033,311150,0,3900,128,10436,128,3772,174090,174225
"37",303419,303423,305583,290198,288038,290202,287686,305579,287682,263247,261083,288042,261087,263243,289842,289846,144482,137209,137689,144002,137342,303423,303419,136862,137333,309535,309394,305583,309390,307230,305579,307234,309539,307375,307379,3900,0,3772,10436,3900,128,172338,172473
"38",307191,307195,306075,290690,291810,290694,291458,306071,291454,263739,264855,291814,264859,263735,290334,290338,144870,137597,138077,144390,137730,307195,307191,137250,137721,310027,309886,306075,309882,311002,306071,311006,310031,311147,311151,128,3772,0,10436,128,3900,174026,174161
"39",305203,305085,305397,290134,289822,290016,289348,305515,289466,263061,262867,289704,262749,263179,289778,289660,144420,137147,137627,143940,137280,305085,305203,136800,137271,309471,309208,305397,309326,309014,305515,308896,309353,309159,309041,10436,10436,10436,0,10308,10436,171162,171297
"40",307195,307077,305957,290694,291814,290576,291340,306075,291458,263621,264859,291696,264741,263739,290338,290220,144876,137603,138083,144396,137736,307077,307195,137256,137727,310031,309768,305957,309886,311006,306075,310888,309913,311151,311033,128,3900,128,10308,0,3900,174026,174161
"41",303305,303422,305582,290084,287924,290201,287685,305465,287568,263246,260969,288041,261086,263129,289728,289845,144366,137093,137573,143886,137226,303422,303305,136746,137217,309421,309393,305582,309276,307116,305465,307233,309538,307261,307378,3772,128,3900,10436,3900,0,172402,172537
"42",288343,287491,287203,280433,280721,279581,281201,288055,282053,246575,247715,279869,246863,247427,281765,280913,151679,150236,148556,153359,154773,287491,288343,156453,149888,291937,290880,287203,291732,292020,288055,291168,291085,292225,291373,174090,172338,174026,171162,174026,172402,0,748
"43",288310,287458,287170,280574,280862,279722,281342,288022,282194,246794,247934,280010,247082,247646,281906,281054,151823,150422,148742,153503,154875,287458,288310,156555,150074,291904,290847,287170,291699,291987,288022,291135,291052,292192,291340,174225,172473,174161,171297,174161,172537,748,0
