"","V1","V2","V3","V4","V5","V6","V7","V8","V9","V10","V11","V12","V13","V14","V15","V16","V17","V18","V19","V20","V21","V22","V23","V24","V25","V26","V27","V28","V29","V30","V31","V32","V33","V34","V35","V36","V37","V38","V39","V40","V41","V42","V43","V44","V45","V46","V47","V48","V49","V50","V51","V52","V53","V54","V55","V56","V57","V58","V59","V60","V61","V62","V63","V64","V65","V66","V67","V68","V69","V70","V71","V72","V73","V74","V75","V76","V77","V78","V79","V80","V81","V82","V83","V84","V85","V86","V87","V88","V89","V90","V91","V92","V93","V94","V95","V96","V97","V98","V99","V100","V101","V102","V103","V104","V105","V106","V107","V108","V109","V110","V111","V112","V113","V114","V115","V116","V117","V118","V119","V120","V121","V122","V123","V124","V125","V126","V127","V128","V129","V130","V131","V132","V133","V134","V135","V136","V137","V138","V139","V140","V141","V142","V143","V144","V145","V146","V147","V148","V149","V150","V151","V152","V153","V154","V155","V156","V157","V158","V159","V160","V161","V162","V163","V164","V165","V166","V167","V168","V169","V170","V171","V172","V173"
"1",0,549,8119,7309,7819,582,7550,272,7861,374,7999,7821,7550,341,7342,7730,7522,7549,21455,8183,20343,20199,21335,582,7981,272,8069,7791,33,310,20420,20003,7550,20777,7730,20897,21140,21566,7458,7757,20600,20319,21479,20816,7550,7309,7278,20789,20276,20915,21231,20276,20960,341,7613,20691,20816,20960,485,20420,8947,8499,8841,8005,8174,8299,7930,8941,8456,8821,8659,8566,8599,8794,8387,8387,8935,8335,8663,8479,8474,8305,8174,8242,8119,8507,8217,8161,8549,8489,8281,8119,8055,8055,8341,8272,8245,8663,8455,8128,8387,8281,8122,8489,8095,8184,8456,8299,8335,8115,8276,8422,8086,8336,8156,8294,8392,7917,8114,8150,8303,7722,7878,8605,8354,8330,8327,8428,8179,8022,8128,8242,8101,7981,8489,8410,8363,8179,8397,8161,8363,8669,8143,7875,8119,8461,8330,8299,8097,8155,8128,8410,8455,8630,8239,8507,8178,8055,8341,8211,8281,8543,8161,8211,8147,8101,8387,8031,8110,8230,8266,7902,8068
"2",549,0,8186,7730,8207,33,7489,341,8216,305,8066,7522,7522,272,7697,7549,7821,7794,21770,8122,20346,20547,21683,33,8336,341,8072,8274,549,305,20456,20006,7553,20780,7609,20900,21023,21635,7881,7586,20543,20634,21482,21131,7586,7794,7761,21137,20624,21230,20996,20591,20996,272,7730,20456,21164,20963,64,20423,9014,8438,8780,8105,8243,8366,8063,9041,8461,8888,8759,8699,8699,8927,8423,8359,9002,8402,8635,8579,8479,8372,8179,8727,8474,8510,8733,8549,8488,8428,8733,8571,8571,8538,8696,8405,8345,8666,8874,8549,8423,8636,8543,8525,8547,8733,8461,8399,8787,8631,8281,8843,8507,8405,8161,8299,8525,8400,8119,8219,8242,8271,8427,8705,8423,8399,8266,8913,8631,8571,8613,8727,8553,8336,8492,8543,8366,8534,8880,8516,8399,8672,8243,8358,8538,8880,8399,8687,8613,8543,8613,8543,8874,8635,8339,8446,8727,8538,8729,8694,8669,8515,8613,8727,8183,8456,8390,8514,8243,8363,8399,8451,8553
"3",8119,8186,0,938,473,8165,697,7975,560,8373,120,1034,730,8394,905,877,1085,1178,17392,64,17756,17957,17545,8165,440,7975,352,328,8119,8309,17722,17356,697,17344,877,17224,17869,17257,1021,970,17869,17624,17344,17857,730,938,841,17377,17890,17392,18026,17857,17722,8394,1242,18026,17890,17689,8122,17689,1152,944,884,321,685,504,201,1017,565,1104,1137,837,513,1305,865,865,816,456,577,957,745,588,685,605,740,712,709,893,832,532,773,773,709,676,1040,621,321,544,752,893,865,740,725,565,425,709,565,453,905,1009,385,785,773,685,505,565,501,616,385,337,184,649,481,681,865,517,532,953,1073,709,893,605,593,680,532,681,484,1040,856,860,517,712,621,496,740,920,517,953,829,725,893,681,752,577,153,712,541,676,1073,508,773,697,893,541,385,560,832,328,621,501,453,829,593
"4",7309,7730,938,0,510,7763,241,7517,552,7619,818,512,241,7586,33,421,277,368,17792,874,18390,18246,17672,7763,672,7517,824,610,7342,7619,17297,18230,305,17654,421,17774,17477,17903,277,576,17477,18186,17816,17153,305,64,97,17666,17153,17792,17568,17153,17297,7586,304,17568,17153,17297,7794,17297,1766,1190,1532,824,929,1118,749,1760,1147,1640,1478,1385,1418,1613,1142,1078,1754,1154,1354,1298,1165,1124,865,997,810,1262,1036,852,1240,1180,1036,874,874,874,1032,1091,1064,1418,1210,819,1142,972,813,1244,850,1003,1147,1118,1090,934,967,1113,777,1091,847,985,1211,736,805,905,994,541,697,1424,1109,1085,1018,1183,934,841,883,997,856,672,1244,1229,1118,870,1216,852,1118,1424,962,694,874,1216,1085,990,916,846,883,1229,1210,1321,1058,1198,997,874,1032,1030,972,1234,916,1030,902,792,1142,850,929,1049,1085,721,823
"5",7819,8207,473,510,0,8174,718,8027,321,8030,593,1022,685,8063,510,898,754,878,17321,409,18165,17988,17408,8174,201,8027,593,385,7786,8030,17741,17765,782,17417,898,17297,17954,17465,754,1086,17954,17721,17585,17630,749,574,574,17408,17597,17321,18078,17630,17741,8063,814,18078,17597,17774,8271,17774,1289,953,1061,560,725,641,305,1256,709,1409,1208,941,920,1409,872,808,1289,929,856,1028,721,893,661,565,333,785,532,588,1009,709,532,364,364,397,801,893,560,953,745,621,872,501,621,740,352,565,709,860,832,664,529,681,333,893,649,541,773,505,361,713,529,337,505,920,905,893,541,745,664,397,685,565,352,441,773,785,893,633,745,621,860,953,692,217,397,745,893,480,652,588,685,785,745,889,560,721,565,397,768,565,468,976,652,532,392,321,905,385,725,605,893,517,385
"6",582,33,8165,7763,8174,0,7522,374,8189,272,8045,7555,7555,305,7730,7582,7854,7827,21743,8101,20325,20526,21656,0,8309,374,8045,8253,582,272,20489,19985,7586,20747,7642,20867,21056,21608,7914,7619,20576,20613,21455,21164,7619,7827,7794,21116,20657,21203,21029,20624,21029,305,7763,20489,21197,20996,97,20456,8981,8405,8753,8078,8210,8333,8030,9014,8434,8861,8726,8666,8678,8894,8390,8326,8981,8381,8614,8546,8446,8345,8146,8706,8441,8477,8706,8522,8461,8401,8706,8538,8538,8505,8669,8378,8318,8645,8853,8522,8390,8609,8522,8498,8526,8706,8434,8378,8766,8598,8254,8822,8474,8378,8134,8266,8498,8373,8086,8198,8221,8238,8406,8678,8390,8378,8233,8886,8598,8538,8586,8706,8526,8309,8465,8510,8345,8501,8853,8489,8378,8645,8210,8325,8505,8853,8378,8654,8586,8522,8586,8510,8853,8614,8318,8413,8706,8505,8702,8673,8642,8494,8586,8706,8150,8429,8357,8493,8210,8330,8378,8418,8526
"7",7550,7489,697,241,718,7522,0,7342,727,7794,577,337,33,7761,208,180,452,609,17863,633,18149,18350,17776,7522,847,7342,583,785,7550,7794,17089,17989,64,17413,180,17533,17236,17728,452,401,17236,18257,17575,17224,97,305,272,17770,17257,17863,17393,17224,17089,7761,545,17393,17257,17056,7553,17056,1525,949,1291,616,754,877,574,1552,972,1399,1270,1210,1210,1438,934,870,1513,913,1146,1090,990,883,690,1238,985,1021,1244,1060,999,939,1244,1082,1082,1049,1207,916,856,1177,1385,1060,934,1147,1054,1036,1058,1244,972,910,1298,1142,792,1354,1018,916,672,810,1036,911,630,730,753,782,938,1216,934,910,777,1424,1142,1082,1124,1238,1064,847,1003,1054,877,1045,1391,1027,910,1183,754,869,1049,1391,910,1198,1124,1054,1124,1054,1385,1146,850,957,1238,1049,1240,1205,1180,1026,1124,1238,694,967,901,1025,754,874,910,962,1064
"8",272,341,7975,7517,8027,374,7342,0,8069,518,7855,7613,7342,485,7550,7522,7666,7821,21495,7975,20071,20239,21375,374,8189,0,7797,8063,305,582,20148,19731,7278,20505,7522,20625,20868,21294,7730,7613,20328,20359,21207,20856,7278,7453,7550,20829,20316,20955,20959,20316,20688,485,7821,20419,20856,20688,341,20148,8803,8291,8633,7861,7902,8155,7786,8797,8248,8677,8515,8422,8455,8650,8115,8179,8791,8191,8455,8335,8266,8161,7966,8386,8327,8235,8489,8369,8341,8281,8425,8263,8327,8327,8549,8128,8101,8391,8599,8336,8115,8489,8330,8217,8239,8456,8248,8155,8479,8387,8068,8630,8294,8064,7948,8086,8248,8189,7906,7878,8095,7994,8150,8461,8082,8058,8119,8572,8323,8294,8272,8386,8245,8189,8217,8266,8091,8387,8669,8369,8091,8397,7999,8147,8263,8605,8058,8507,8369,8363,8272,8266,8599,8422,8095,8299,8450,8327,8549,8483,8489,8335,8305,8483,7875,8309,8115,8303,7966,8086,8122,8174,8212
"9",7861,8216,560,552,321,8189,727,8069,0,8045,440,1064,760,8072,519,907,763,920,17240,496,18012,17901,17153,8189,120,8069,272,232,7861,8045,17816,17852,791,17432,907,17552,17963,17417,763,1128,17963,17808,17264,17639,824,616,583,17321,17672,17240,18120,17639,17816,8072,856,18120,17672,17783,8280,17783,1544,968,980,305,773,896,593,1241,661,1088,1289,1229,1073,1457,953,889,1376,776,1009,1109,1009,572,709,685,588,1040,517,333,688,628,517,685,685,652,480,605,545,1040,832,333,953,420,501,725,505,517,661,773,745,745,481,801,621,605,361,829,725,184,649,593,616,385,385,905,953,773,796,697,745,685,397,685,337,120,692,1073,740,648,664,300,773,872,773,472,652,664,773,801,397,501,397,1073,832,1009,713,976,685,652,513,652,453,889,397,685,713,240,920,472,773,893,773,565,337
"10",374,305,8373,7619,8030,272,7794,518,8045,0,8253,7827,7827,33,7586,7854,7582,7619,21575,8373,20469,20358,21488,272,8165,518,8189,8045,374,64,20633,20129,7730,20891,7914,21011,21200,21752,7706,7827,20720,20445,21599,20996,7763,7555,7586,20948,20489,21035,21173,20456,21173,33,7619,20633,21029,21140,305,20600,9189,8677,9025,8286,8354,8541,8238,9222,8706,9069,8934,8874,8886,9102,8534,8598,9189,8589,8886,8754,8718,8553,8418,8434,8297,8621,8498,8378,8733,8673,8434,8266,8330,8297,8525,8586,8526,8789,8581,8378,8534,8465,8378,8642,8254,8498,8706,8586,8494,8390,8526,8678,8330,8522,8406,8538,8706,8165,8358,8342,8493,8030,8198,8886,8534,8522,8505,8614,8326,8330,8314,8434,8254,8165,8609,8718,8489,8357,8645,8345,8522,8789,8418,8117,8233,8581,8522,8510,8378,8378,8314,8718,8581,8886,8526,8685,8498,8297,8558,8465,8498,8766,8314,8498,8294,8285,8501,8285,8418,8538,8586,8210,8254
"11",7999,8066,120,818,593,8045,577,7855,440,8253,0,914,610,8274,785,757,965,1058,17512,184,17636,17837,17425,8045,560,7855,232,208,7999,8189,17602,17476,577,17224,757,17344,17749,17377,901,850,17749,17744,17224,17737,610,818,721,17257,17770,17512,17906,17737,17602,8274,1122,17906,17770,17569,8002,17569,1272,824,1004,201,565,624,321,1137,685,984,1017,957,633,1185,745,745,936,336,697,837,865,468,565,725,860,832,829,773,712,652,893,893,829,796,920,501,441,664,872,773,745,860,605,685,545,829,685,333,785,889,505,905,893,565,385,685,621,496,505,217,304,529,361,801,745,397,652,1073,953,829,773,725,713,560,652,801,364,920,976,740,397,832,501,616,860,1040,397,1073,709,605,773,801,872,697,273,832,661,796,953,628,893,577,773,661,505,680,712,448,501,621,333,709,713
"12",7821,7522,1034,512,1022,7555,337,7613,1064,7827,914,0,337,7794,545,277,549,272,18200,970,18486,18654,18080,7555,1184,7613,920,1122,7854,7827,17393,18326,401,17750,397,17870,17333,17999,669,64,17453,18594,17912,17561,401,576,609,18074,17561,18200,17056,17561,17393,7794,208,17056,17561,17393,7586,17393,1862,1286,1628,920,1025,1214,845,1856,1243,1736,1574,1481,1514,1709,1238,1174,1850,1250,1450,1394,1261,1220,961,1509,1322,1358,1548,1364,1336,1276,1548,1386,1386,1386,1544,1187,1160,1514,1722,1331,1238,1484,1325,1340,1362,1515,1243,1214,1602,1446,1063,1625,1289,1187,943,1081,1307,1248,901,1001,1090,1053,1209,1520,1205,1181,1114,1695,1446,1353,1395,1509,1368,1184,1340,1325,1214,1382,1728,1364,1214,1520,1058,1206,1386,1728,1181,1502,1428,1358,1395,1325,1722,1417,1154,1294,1509,1386,1544,1542,1484,1330,1428,1542,998,1304,1238,1362,1025,1145,1181,1233,1335
"13",7550,7522,730,241,685,7555,33,7342,760,7827,610,337,0,7794,241,213,485,609,17896,666,18182,18317,17743,7555,880,7342,616,818,7517,7827,17056,18022,97,17446,213,17566,17269,17728,485,401,17269,18290,17608,17257,64,305,305,17737,17224,17896,17393,17257,17056,7794,545,17393,17224,17089,7586,17089,1558,982,1324,583,754,910,574,1519,972,1432,1237,1210,1177,1438,901,837,1546,946,1113,1057,990,916,690,1238,1018,1054,1211,1027,1032,972,1211,1049,1049,1082,1240,916,823,1210,1418,1060,901,1180,1054,1003,1025,1244,972,877,1265,1109,792,1354,1018,916,672,810,1036,944,630,730,786,782,938,1183,934,910,810,1424,1109,1082,1124,1238,1031,880,1036,1054,910,1078,1424,1060,877,1216,721,902,1082,1424,910,1165,1091,1021,1124,1054,1418,1146,817,990,1238,1082,1207,1238,1147,993,1091,1205,661,1000,934,1058,754,874,910,962,1064
"14",341,272,8394,7586,8063,305,7761,485,8072,33,8274,7794,7794,0,7553,7821,7549,7586,21602,8394,20490,20379,21515,305,8192,485,8216,8066,341,97,20600,20150,7697,20924,7881,21044,21167,21779,7673,7794,20687,20466,21626,20963,7730,7522,7553,20969,20456,21062,21140,20423,21140,0,7586,20600,20996,21107,272,20567,9222,8710,9052,8313,8387,8574,8271,9249,8733,9096,8967,8907,8907,9135,8567,8631,9210,8610,8907,8787,8751,8580,8451,8455,8330,8654,8525,8405,8760,8700,8461,8299,8363,8330,8552,8613,8553,8810,8602,8405,8567,8492,8399,8669,8275,8525,8733,8607,8515,8423,8553,8699,8363,8549,8433,8571,8733,8192,8391,8363,8514,8063,8219,8913,8567,8543,8538,8641,8359,8363,8341,8455,8281,8192,8636,8751,8510,8390,8672,8372,8543,8816,8451,8150,8266,8608,8543,8543,8405,8399,8341,8751,8602,8907,8547,8718,8519,8330,8585,8486,8525,8787,8341,8519,8327,8312,8534,8306,8451,8571,8607,8243,8281
"15",7342,7697,905,33,510,7730,208,7550,519,7586,785,545,241,7553,0,388,244,401,17759,841,18357,18246,17672,7730,639,7550,791,577,7342,7586,17297,18197,272,17621,388,17741,17444,17936,244,609,17444,18153,17783,17120,305,97,64,17666,17153,17759,17601,17120,17297,7553,337,17601,17153,17264,7761,17264,1733,1157,1499,824,962,1085,782,1760,1180,1607,1478,1418,1418,1646,1142,1078,1721,1121,1354,1298,1198,1091,898,1030,777,1229,1036,852,1207,1147,1036,874,874,841,999,1124,1064,1385,1177,852,1142,939,846,1244,850,1036,1180,1118,1090,934,1000,1146,810,1124,880,1018,1244,703,838,938,961,574,730,1424,1142,1118,985,1216,934,874,916,1030,856,639,1211,1262,1085,837,1183,819,1118,1391,962,661,841,1183,1118,990,916,846,916,1262,1177,1354,1058,1165,1030,841,1032,997,972,1234,916,1030,902,759,1109,817,962,1082,1118,754,856
"16",7730,7549,877,421,898,7582,180,7522,907,7854,757,277,213,7821,388,0,272,549,18043,813,18329,18530,17956,7582,1027,7522,763,965,7730,7854,17269,18169,244,17593,180,17713,17056,17908,452,341,17236,18437,17755,17404,277,485,452,17950,17437,18043,17333,17404,17269,7821,485,17333,17437,17236,7613,17236,1705,1129,1471,796,934,1057,754,1732,1152,1579,1450,1390,1390,1618,1114,1050,1693,1093,1326,1270,1170,1063,870,1418,1165,1201,1424,1240,1179,1119,1424,1262,1262,1229,1387,1096,1036,1357,1565,1240,1114,1327,1234,1216,1238,1424,1152,1090,1478,1322,972,1534,1198,1096,852,990,1216,1091,810,910,933,962,1118,1396,1114,1090,957,1604,1322,1262,1304,1418,1244,1027,1183,1234,1057,1225,1571,1207,1090,1363,934,1049,1229,1571,1090,1378,1304,1234,1304,1234,1565,1326,1030,1137,1418,1229,1420,1385,1360,1206,1304,1418,874,1147,1081,1205,934,1054,1090,1142,1244
"17",7522,7821,1085,277,754,7854,452,7666,763,7582,965,549,485,7549,244,272,0,341,17875,1085,18473,18362,17788,7854,883,7666,907,757,7522,7646,17413,18313,388,17737,452,17857,17200,18052,244,549,17380,18269,17899,17236,421,213,244,17782,17269,17875,17477,17236,17413,7549,341,17477,17269,17380,7821,17380,1913,1401,1743,1004,1078,1265,962,1940,1424,1787,1658,1598,1598,1826,1258,1322,1901,1301,1598,1478,1442,1271,1142,1146,1021,1345,1216,1096,1451,1391,1152,990,1054,1021,1243,1304,1244,1501,1293,1096,1258,1183,1090,1360,966,1216,1424,1298,1206,1114,1244,1390,1054,1240,1124,1262,1424,883,1082,1054,1205,754,910,1604,1258,1234,1229,1332,1050,1054,1032,1146,972,883,1327,1442,1201,1081,1363,1063,1234,1507,1142,841,957,1299,1234,1234,1096,1090,1032,1442,1293,1598,1238,1409,1210,1021,1276,1177,1216,1478,1032,1210,1018,1003,1225,997,1142,1262,1298,934,972
"18",7549,7794,1178,368,878,7827,609,7821,920,7619,1058,272,609,7586,401,549,341,0,18096,1242,18694,18550,17976,7827,1040,7821,1128,850,7582,7555,17601,18534,609,17958,669,18078,17541,18207,397,208,17661,18490,18120,17457,609,368,337,17970,17457,18096,17264,17457,17601,7586,64,17264,17457,17601,7730,17601,2006,1558,1900,1064,1233,1358,989,2000,1515,1880,1718,1625,1658,1853,1446,1446,1994,1394,1722,1538,1533,1364,1233,1301,1178,1566,1276,1220,1608,1548,1340,1178,1114,1114,1400,1331,1304,1722,1514,1187,1446,1340,1181,1548,1154,1243,1515,1358,1394,1174,1335,1481,1145,1395,1215,1353,1451,976,1173,1209,1362,781,937,1664,1413,1389,1386,1487,1238,1081,1187,1301,1160,1040,1548,1469,1422,1238,1456,1220,1422,1728,1202,934,1178,1520,1389,1358,1156,1214,1187,1469,1514,1689,1298,1566,1237,1114,1400,1270,1340,1602,1220,1270,1206,1160,1446,1090,1169,1289,1325,961,1127
"19",21455,21770,17392,17792,17321,21743,17863,21495,17240,21575,17512,18200,17896,21602,17759,18043,17875,18096,0,17392,3796,3661,153,21743,17120,21495,17280,17408,21455,21639,1380,3576,17799,996,18043,876,987,201,17939,18200,1527,3148,288,639,17832,17728,17759,861,1212,540,1144,1179,840,21602,18096,1684,672,807,21770,1347,17484,17268,17012,17377,17511,17728,17425,17473,17287,17380,17761,17791,17125,17637,17181,17425,17428,17848,17305,17911,17125,17224,17575,17287,17318,17208,17033,17303,17044,17104,16969,17137,17351,17168,17120,17257,17257,17208,17104,17303,17361,17000,17471,17223,17257,17183,17137,17575,17257,17321,17257,17201,17351,17343,17377,17455,17287,17240,17425,17481,17392,17441,17441,16957,17181,17511,17422,16969,17257,17351,17239,17137,17089,17240,17190,17305,17328,17288,16820,17120,17511,17040,17575,17288,17254,16936,17361,17021,17153,17471,17089,17125,16924,17125,17425,17092,17351,17318,16973,17318,17033,17425,17239,17351,17361,17120,17328,17288,17575,17455,17575,17471,17089
"20",8183,8122,64,874,409,8101,633,7975,496,8373,184,970,666,8394,841,813,1085,1242,17392,0,17756,17957,17545,8101,376,7975,352,392,8183,8373,17722,17356,697,17344,813,17224,17869,17257,1085,1034,17869,17624,17344,17857,730,938,905,17377,17890,17392,18026,17857,17722,8394,1178,18026,17890,17689,8186,17689,1216,880,820,385,685,568,265,1081,501,1168,1201,901,577,1369,865,801,880,520,513,1021,681,652,621,605,676,712,773,829,768,468,773,773,773,740,976,685,385,544,752,829,865,676,661,565,425,773,501,517,905,1073,321,721,709,685,441,501,565,680,321,337,120,713,545,745,865,517,468,953,1073,773,893,605,593,616,532,745,484,976,920,796,517,712,685,560,740,920,517,889,893,661,893,745,752,513,217,648,605,740,1009,572,709,633,893,605,385,496,832,392,685,565,517,893,593
"21",20343,20346,17756,18390,18165,20325,18149,20071,18012,20469,17636,18486,18182,20490,18357,18329,18473,18694,3796,17756,0,201,3709,20325,18132,20071,17740,17844,20343,20533,3706,580,18085,3328,18329,3448,4033,3661,18537,18486,3853,748,3508,4021,18118,18326,18357,3361,3874,3616,4190,3841,3886,20490,18694,4010,4054,3853,20346,3673,18016,17560,17712,17837,17803,18260,17957,18173,17987,17840,18053,18323,17489,17929,17473,17717,17792,17972,17669,18203,17657,17684,17867,17963,18162,17740,18045,18075,17504,17804,17981,17981,18195,18012,17892,17717,17957,17572,17780,18075,17653,18012,17907,17923,17933,18195,17837,17699,17693,17925,17957,17877,18195,17803,17837,17987,17987,18012,17957,17605,17756,18045,17877,17657,17473,17635,17954,17981,17861,18195,18011,17813,18101,18012,17890,17837,17452,17892,17832,17892,17635,17740,17867,18132,18098,17948,17485,17865,17925,17907,17861,17657,17600,17489,17789,17624,18027,18162,17745,17994,18045,17549,18011,18027,17893,18132,17620,17964,17867,17987,17699,18075,18101
"22",20199,20547,17957,18246,17988,20526,18350,20239,17901,20358,17837,18654,18317,20379,18246,18530,18362,18550,3661,17957,201,0,3508,20526,18021,20239,17941,17733,20166,20422,3841,781,18286,3529,18530,3649,4234,3829,18426,18654,4054,613,3709,3886,18253,18182,18246,3160,3673,3481,4358,3706,4021,20379,18550,4178,3853,4054,20547,3874,18217,17761,17913,17972,17971,18461,18125,18308,18155,18041,18188,18491,17624,18097,17608,17852,17993,18173,17804,18338,17825,17885,18035,17819,18051,17941,17868,17898,17705,18005,17804,17804,18018,17901,17781,17885,18092,17773,17669,17931,17788,17901,17763,18058,17756,18051,18005,17834,17516,17748,18125,17733,18051,17971,18005,18155,18155,17901,18125,17773,17957,17901,17733,17792,17641,17803,18155,17837,17684,18051,17867,17669,17924,17901,18091,18005,17653,17781,17721,17781,17770,17941,18002,18021,17987,17837,17653,17688,17748,17730,17717,17825,17489,17657,17924,17825,17883,18051,17568,17883,17868,17684,17834,17850,18028,18021,17821,17853,18035,18155,17867,17931,17957
"23",21335,21683,17545,17672,17408,21656,17776,21375,17153,21488,17425,18080,17743,21515,17672,17956,17788,17976,153,17545,3709,3508,0,21656,17273,21375,17193,17321,21302,21552,1227,3729,17712,909,17956,1029,900,321,17852,18080,1440,3301,201,552,17679,17608,17672,708,1059,693,1024,1092,687,21515,17976,1564,519,720,21683,1260,17637,17181,17165,17224,17391,17881,17545,17560,17407,17293,17608,17911,17212,17517,17028,17272,17581,17761,17392,17758,17245,17137,17455,17407,17471,17361,17120,17150,16957,17257,17056,17224,17438,17321,17033,17137,17344,17361,17257,17183,17208,17153,17351,17310,17344,17303,17257,17422,17104,17168,17377,17321,17471,17223,17257,17575,17407,17153,17545,17361,17545,17321,17321,17044,17061,17391,17575,17089,17104,17471,17119,17257,17176,17153,17343,17425,17241,17201,16973,17033,17358,17193,17422,17441,17407,17089,17241,17108,17000,17318,16969,17245,17077,17245,17512,17245,17471,17471,16820,17471,17120,17272,17086,17438,17448,17273,17241,17441,17455,17575,17455,17351,17209
"24",582,33,8165,7763,8174,0,7522,374,8189,272,8045,7555,7555,305,7730,7582,7854,7827,21743,8101,20325,20526,21656,0,8309,374,8045,8253,582,272,20489,19985,7586,20747,7642,20867,21056,21608,7914,7619,20576,20613,21455,21164,7619,7827,7794,21116,20657,21203,21029,20624,21029,305,7763,20489,21197,20996,97,20456,8981,8405,8753,8078,8210,8333,8030,9014,8434,8861,8726,8666,8678,8894,8390,8326,8981,8381,8614,8546,8446,8345,8146,8706,8441,8477,8706,8522,8461,8401,8706,8538,8538,8505,8669,8378,8318,8645,8853,8522,8390,8609,8522,8498,8526,8706,8434,8378,8766,8598,8254,8822,8474,8378,8134,8266,8498,8373,8086,8198,8221,8238,8406,8678,8390,8378,8233,8886,8598,8538,8586,8706,8526,8309,8465,8510,8345,8501,8853,8489,8378,8645,8210,8325,8505,8853,8378,8654,8586,8522,8586,8510,8853,8614,8318,8413,8706,8505,8702,8673,8642,8494,8586,8706,8150,8429,8357,8493,8210,8330,8378,8418,8526
"25",7981,8336,440,672,201,8309,847,8189,120,8165,560,1184,880,8192,639,1027,883,1040,17120,376,18132,18021,17273,8309,0,8189,392,352,7981,8165,17936,17732,911,17552,1027,17432,18083,17297,883,1248,18083,17688,17384,17759,944,736,703,17441,17792,17120,18240,17759,17936,8192,976,18240,17792,17903,8400,17903,1424,1088,860,425,893,776,473,1121,541,1208,1409,1109,953,1577,1073,1009,1256,896,889,1229,889,692,829,565,468,920,397,453,808,508,397,565,565,532,600,725,425,920,712,453,1073,300,621,605,385,397,541,893,865,865,361,681,501,725,481,709,605,304,529,713,496,505,505,785,1073,893,676,577,865,565,517,565,217,240,572,953,860,768,544,420,893,752,893,352,532,544,893,681,517,621,517,953,712,889,593,856,565,532,633,532,333,1009,517,565,593,120,1040,352,893,773,893,685,217
"26",272,341,7975,7517,8027,374,7342,0,8069,518,7855,7613,7342,485,7550,7522,7666,7821,21495,7975,20071,20239,21375,374,8189,0,7797,8063,305,582,20148,19731,7278,20505,7522,20625,20868,21294,7730,7613,20328,20359,21207,20856,7278,7453,7550,20829,20316,20955,20959,20316,20688,485,7821,20419,20856,20688,341,20148,8803,8291,8633,7861,7902,8155,7786,8797,8248,8677,8515,8422,8455,8650,8115,8179,8791,8191,8455,8335,8266,8161,7966,8386,8327,8235,8489,8369,8341,8281,8425,8263,8327,8327,8549,8128,8101,8391,8599,8336,8115,8489,8330,8217,8239,8456,8248,8155,8479,8387,8068,8630,8294,8064,7948,8086,8248,8189,7906,7878,8095,7994,8150,8461,8082,8058,8119,8572,8323,8294,8272,8386,8245,8189,8217,8266,8091,8387,8669,8369,8091,8397,7999,8147,8263,8605,8058,8507,8369,8363,8272,8266,8599,8422,8095,8299,8450,8327,8549,8483,8489,8335,8305,8483,7875,8309,8115,8303,7966,8086,8122,8174,8212
"27",8069,8072,352,824,593,8045,583,7797,272,8189,232,920,616,8216,791,763,907,1128,17280,352,17740,17941,17193,8045,392,7797,0,440,8069,8253,17544,17580,519,17160,763,17280,17691,17145,971,920,17691,17848,16992,17679,552,760,791,17361,17712,17280,17848,17679,17544,8216,1128,17848,17712,17511,8072,17511,1336,824,836,97,501,688,385,1033,517,880,1081,1021,865,1249,681,745,1168,568,865,901,865,364,565,829,860,768,725,605,544,484,661,829,893,860,752,397,337,768,976,605,681,692,773,453,649,725,517,565,889,953,337,1073,893,333,217,685,517,392,505,321,472,593,593,697,681,501,652,841,889,893,541,829,481,392,420,865,468,920,872,572,501,600,565,680,796,808,501,1073,605,773,541,865,976,865,505,832,893,860,785,860,725,745,541,893,441,512,648,680,565,685,565,773,481
"28",7791,8274,328,610,385,8253,785,8063,232,8045,208,1122,818,8066,577,965,757,850,17408,392,17844,17733,17321,8253,352,8063,440,0,7791,7981,17810,17684,785,17432,965,17552,17957,17585,693,1058,17957,17640,17432,17633,818,610,513,17153,17666,17408,18114,17633,17810,8066,914,18114,17666,17777,8210,17777,1480,1032,1212,409,773,832,529,1345,893,1192,1225,1165,841,1393,953,953,1144,544,905,1045,1073,676,773,517,652,1040,621,565,920,860,685,685,621,588,712,709,649,872,664,565,953,652,397,893,337,621,893,541,577,681,713,697,685,773,593,893,829,288,713,425,512,321,153,1009,953,605,860,865,745,621,565,517,505,352,860,1009,572,712,768,532,605,1040,709,408,652,832,605,865,501,397,565,1009,664,905,481,1040,453,588,745,420,685,785,565,453,713,472,920,240,709,829,541,501,505
"29",33,549,8119,7342,7786,582,7550,305,7861,374,7999,7854,7517,341,7342,7730,7522,7582,21455,8183,20343,20166,21302,582,7981,305,8069,7791,0,310,20387,20003,7550,20777,7730,20897,21140,21599,7458,7790,20600,20319,21479,20816,7517,7342,7278,20756,20243,20915,21264,20276,20927,341,7646,20724,20783,20960,485,20420,8947,8499,8841,7972,8207,8299,7963,8908,8489,8821,8626,8599,8566,8827,8354,8354,8935,8335,8630,8446,8507,8305,8207,8275,8119,8507,8184,8128,8549,8489,8248,8086,8022,8055,8341,8305,8212,8663,8455,8161,8354,8281,8155,8456,8062,8217,8489,8266,8302,8082,8309,8455,8119,8369,8189,8327,8425,7917,8147,8183,8303,7755,7911,8572,8387,8363,8327,8461,8146,8055,8161,8275,8068,7981,8489,8443,8363,8179,8397,8161,8330,8669,8110,7875,8119,8461,8363,8266,8064,8122,8161,8443,8455,8663,8206,8507,8211,8055,8308,8211,8248,8510,8128,8178,8114,8101,8387,8031,8143,8263,8299,7935,8101
"30",310,305,8309,7619,8030,272,7794,582,8045,64,8189,7827,7827,97,7586,7854,7646,7555,21639,8373,20533,20422,21552,272,8165,582,8253,7981,310,0,20697,20193,7794,20955,7914,21075,21264,21816,7642,7763,20784,20509,21663,21060,7827,7619,7522,21012,20553,21099,21237,20520,21237,97,7619,20697,21093,21204,241,20664,9125,8677,9025,8222,8418,8477,8174,9158,8706,9005,8870,8810,8822,9038,8598,8598,9125,8525,8886,8690,8718,8489,8418,8498,8297,8685,8434,8378,8733,8673,8498,8330,8266,8233,8525,8522,8462,8853,8645,8378,8598,8465,8378,8706,8318,8434,8706,8522,8558,8326,8526,8678,8330,8586,8406,8538,8642,8101,8358,8406,8493,7966,8134,8822,8598,8586,8505,8678,8390,8266,8378,8498,8318,8165,8673,8654,8553,8357,8581,8345,8586,8853,8354,8053,8297,8645,8586,8510,8314,8378,8378,8654,8645,8886,8462,8685,8434,8233,8558,8401,8498,8766,8378,8434,8358,8285,8565,8221,8354,8474,8522,8146,8318
"31",20420,20456,17722,17297,17741,20489,17089,20148,17816,20633,17602,17393,17056,20600,17297,17269,17413,17601,1380,17722,3706,3841,1227,20489,17936,20148,17544,17810,20387,20697,0,3366,17025,390,17269,510,753,1212,17477,17393,213,3994,1092,741,16992,17233,17297,681,168,840,877,201,540,20600,17601,337,708,573,20456,33,17658,17202,17516,17575,17412,17902,17566,17911,17758,17644,17629,17932,17389,17538,17049,17293,17758,17938,17569,17779,17266,17488,17476,17896,17804,17382,17783,17813,17308,17608,17719,17557,17771,17654,17696,17488,17695,17538,17746,17846,17229,17816,17840,17661,17833,17966,17608,17599,17593,17501,17728,17810,17804,17574,17608,17596,17758,17816,17566,17538,17722,17654,17810,17395,17082,17568,17596,17752,17437,17804,17782,17746,17839,17816,17694,17446,17418,17534,17636,17696,17535,17544,17443,17774,17740,17752,17418,17441,17663,17807,17632,17266,17566,17422,17689,17266,17960,17804,17483,17960,17783,17449,17749,17927,17469,17936,17262,17930,17476,17596,17632,17684,17872
"32",20003,20006,17356,18230,17765,19985,17989,19731,17852,20129,17476,18326,18022,20150,18197,18169,18313,18534,3576,17356,580,781,3729,19985,17732,19731,17580,17684,20003,20193,3366,0,17925,2988,18169,2868,4053,3441,18377,18326,3513,628,3528,4041,17958,18166,18197,3021,3534,3036,4210,3501,3906,20150,18534,3670,4074,3873,20006,3333,17616,17400,17312,17677,17643,17860,17557,17773,17587,17680,17893,17923,17089,17769,17313,17557,17392,17812,17269,18043,17257,17524,17707,17563,17762,17340,17645,17915,17344,17404,17581,17581,17795,17612,17732,17557,17557,17172,17380,17915,17493,17612,17747,17523,17533,17795,17437,17539,17533,17765,17557,17477,17795,17643,17677,17587,17587,17852,17557,17445,17356,17885,17717,17257,17313,17475,17554,17581,17701,17795,17851,17413,17701,17852,17490,17437,17292,17732,17432,17732,17475,17340,17707,17732,17698,17548,17325,17465,17765,17747,17701,17257,17200,17089,17389,17224,17627,17762,17585,17594,17645,17389,17851,17627,17493,17732,17460,17564,17707,17587,17539,17915,17701
"33",7550,7553,697,305,782,7586,64,7278,791,7730,577,401,97,7697,272,244,388,609,17799,697,18085,18286,17712,7586,911,7278,519,785,7550,7794,17025,17925,0,17349,244,17469,17172,17664,452,401,17172,18193,17511,17160,33,241,272,17706,17193,17799,17329,17160,17025,7697,609,17329,17193,16992,7553,16992,1525,1013,1355,616,690,877,574,1552,1036,1399,1270,1210,1210,1438,870,934,1513,913,1210,1090,1054,883,754,1174,1049,957,1244,1124,1063,1003,1180,1018,1082,1049,1271,916,856,1113,1321,1124,870,1211,1118,972,994,1244,1036,910,1234,1142,856,1418,1082,852,736,874,1036,911,694,666,817,782,938,1216,870,846,841,1360,1078,1082,1060,1174,1000,911,939,1054,813,1109,1391,1091,846,1119,754,869,985,1327,846,1262,1124,1118,1060,1054,1321,1210,850,1021,1238,1049,1304,1205,1244,1090,1060,1238,630,1031,837,1025,754,874,910,962,1000
"34",20777,20780,17344,17654,17417,20747,17413,20505,17432,20891,17224,17750,17446,20924,17621,17593,17737,17958,996,17344,3328,3529,909,20747,17552,20505,17160,17432,20777,20955,390,2988,17349,0,17593,120,1077,861,17801,17750,537,3616,708,1065,17382,17590,17621,369,558,456,1234,525,930,20924,17958,694,1098,897,20780,357,17268,16812,17132,17257,17055,17512,17209,17593,17407,17260,17305,17575,17077,17181,16725,16969,17380,17560,17257,17455,16909,17104,17119,17551,17414,16992,17465,17495,16924,17224,17401,17233,17447,17264,17312,17137,17377,17160,17368,17495,16905,17432,17495,17343,17521,17615,17257,17287,17281,17177,17377,17465,17447,17223,17257,17239,17407,17432,17209,17193,17344,17297,17465,17077,16725,17223,17206,17401,17113,17447,17431,17401,17521,17432,17310,17089,17040,17144,17252,17312,17223,17160,17119,17384,17350,17368,17073,17117,17345,17495,17281,16909,17188,17077,17377,16876,17615,17414,17165,17582,17465,17137,17431,17615,17145,17552,16872,17552,17119,17239,17287,17327,17521
"35",7730,7609,877,421,898,7642,180,7522,907,7914,757,397,213,7881,388,180,452,669,18043,813,18329,18530,17956,7642,1027,7522,763,965,7730,7914,17269,18169,244,17593,0,17713,17236,17908,272,461,17056,18437,17755,17404,277,485,452,17950,17437,18043,17453,17404,17269,7881,605,17453,17437,17236,7673,17236,1705,1129,1471,796,934,1057,754,1732,1152,1579,1450,1390,1390,1618,1114,1050,1693,1093,1326,1270,1170,1063,870,1418,1165,1201,1424,1240,1179,1119,1424,1262,1262,1229,1387,1096,1036,1357,1565,1240,1114,1327,1234,1216,1238,1424,1152,1090,1478,1322,972,1534,1198,1096,852,990,1216,1091,810,910,933,962,1118,1396,1114,1090,957,1604,1322,1262,1304,1418,1244,1027,1183,1234,1057,1225,1571,1207,1090,1363,934,1049,1229,1571,1090,1378,1304,1234,1304,1234,1565,1326,1030,1137,1418,1229,1420,1385,1360,1206,1304,1418,874,1147,1081,1205,934,1054,1090,1142,1244
"36",20897,20900,17224,17774,17297,20867,17533,20625,17552,21011,17344,17870,17566,21044,17741,17713,17857,18078,876,17224,3448,3649,1029,20867,17432,20625,17280,17552,20897,21075,510,2868,17469,120,17713,0,1197,741,17921,17870,657,3496,828,1185,17502,17710,17741,489,678,336,1354,645,1050,21044,18078,814,1218,1017,20900,477,17148,16932,17012,17377,17175,17392,17089,17473,17287,17380,17425,17455,16957,17301,16845,17089,17260,17680,17137,17575,16789,17224,17239,17431,17294,16872,17345,17615,17044,17104,17281,17113,17327,17144,17432,17257,17257,17040,17248,17615,17025,17312,17615,17223,17401,17495,17137,17407,17401,17297,17257,17345,17327,17343,17377,17119,17287,17552,17089,17313,17224,17417,17585,16957,16845,17343,17086,17281,17233,17327,17551,17281,17401,17552,17190,16969,17160,17264,17132,17432,17343,17040,17239,17264,17230,17248,17193,16997,17465,17615,17401,16789,17068,16957,17257,16756,17495,17294,17285,17462,17345,17257,17551,17495,17025,17432,16992,17432,17239,17119,17407,17447,17401
"37",21140,21023,17869,17477,17954,21056,17236,20868,17963,21200,17749,17333,17269,21167,17444,17056,17200,17541,987,17869,4033,4234,900,21056,18083,20868,17691,17957,21140,21264,753,4053,17172,1077,17236,1197,0,852,17444,17333,720,3961,699,348,17205,17413,17444,1434,921,1527,277,888,213,21167,17541,817,381,180,21023,720,17805,17349,17663,17788,17592,18049,17746,18124,17938,17791,17842,18112,17602,17718,17262,17506,17905,18085,17782,17992,17446,17635,17656,18076,17951,17529,17996,18026,17455,17755,17932,17770,17984,17801,17843,17668,17908,17685,17893,18026,17442,17963,18020,17874,18046,18146,17788,17812,17806,17714,17908,17990,17984,17754,17788,17776,17938,17963,17746,17718,17869,17834,17990,17608,17262,17748,17743,17932,17650,17984,17962,17926,18052,17963,17841,17626,17565,17681,17783,17843,17748,17691,17656,17921,17887,17899,17598,17654,17876,18020,17812,17446,17713,17602,17902,17413,18140,17951,17696,18107,17996,17662,17962,18140,17682,18083,17409,18077,17656,17776,17812,17864,18052
"38",21566,21635,17257,17903,17465,21608,17728,21294,17417,21752,17377,17999,17728,21779,17936,17908,18052,18207,201,17257,3661,3829,321,21608,17297,21294,17145,17585,21599,21816,1212,3441,17664,861,17908,741,852,0,18116,17999,1392,3349,153,840,17664,17839,17936,1029,1380,741,943,1380,672,21779,18207,1483,840,672,21635,1212,17349,17133,16877,17209,17310,17593,17224,17305,17086,17245,17593,17590,16957,17436,17013,17257,17293,17713,17137,17743,16924,17089,17374,17398,17495,17073,17177,17447,16909,16969,17113,17281,17495,17345,17297,17056,17089,17073,17281,17414,17193,17177,17582,17055,17401,17294,16936,17407,17401,17465,17056,17312,17462,17142,17176,17254,17086,17417,17224,17280,17257,17552,17552,16789,16980,17310,17287,17080,17401,17462,17350,17248,17233,17417,17055,17104,17193,17465,16997,17297,17343,16905,17407,17465,17431,17113,17160,17165,17297,17615,17200,16924,17101,16924,17257,16957,17462,17495,17117,17495,17177,17257,17383,17495,17193,17297,17193,17465,17374,17254,17374,17582,17200
"39",7458,7881,1021,277,754,7914,452,7730,763,7706,901,669,485,7673,244,452,244,397,17939,1085,18537,18426,17852,7914,883,7730,971,693,7458,7642,17477,18377,452,17801,272,17921,17444,18116,0,605,17264,18333,17963,17300,485,277,180,17846,17333,17939,17661,17300,17477,7673,461,17661,17333,17444,7817,17444,1849,1401,1743,940,1142,1201,898,1876,1424,1723,1594,1534,1534,1762,1322,1322,1837,1237,1598,1414,1442,1207,1142,1210,1021,1409,1152,1096,1451,1391,1216,1054,990,957,1243,1240,1180,1565,1357,1096,1322,1183,1090,1424,1030,1152,1424,1234,1270,1050,1244,1390,1054,1304,1124,1262,1360,819,1082,1118,1205,690,846,1540,1322,1298,1229,1396,1114,990,1096,1210,1036,883,1391,1378,1265,1081,1299,1063,1298,1571,1078,777,1021,1363,1298,1234,1032,1090,1096,1378,1357,1598,1174,1409,1146,957,1276,1113,1216,1478,1096,1146,1082,1003,1289,933,1078,1198,1234,870,1036
"40",7757,7586,970,576,1086,7619,401,7613,1128,7827,850,64,401,7794,609,341,549,208,18200,1034,18486,18654,18080,7619,1248,7613,920,1058,7790,7763,17393,18326,401,17750,461,17870,17333,17999,605,0,17453,18594,17912,17561,401,576,545,18074,17561,18200,17056,17561,17393,7794,272,17056,17561,17393,7522,17393,1798,1350,1692,856,1025,1150,781,1792,1307,1672,1510,1417,1450,1645,1238,1238,1786,1186,1514,1330,1325,1156,1025,1509,1386,1358,1484,1428,1400,1340,1548,1386,1322,1322,1608,1123,1096,1514,1722,1395,1238,1548,1389,1340,1362,1451,1307,1150,1602,1382,1127,1689,1353,1187,1007,1145,1243,1184,965,1001,1154,989,1145,1456,1205,1181,1178,1695,1446,1289,1395,1509,1368,1248,1340,1261,1214,1446,1664,1428,1214,1520,994,1142,1386,1728,1181,1566,1364,1422,1395,1261,1722,1481,1090,1358,1445,1322,1608,1478,1548,1394,1428,1478,998,1368,1238,1298,961,1081,1117,1169,1335
"41",20600,20543,17869,17477,17954,20576,17236,20328,17963,20720,17749,17453,17269,20687,17444,17236,17380,17661,1527,17869,3853,4054,1440,20576,18083,20328,17691,17957,20600,20784,213,3513,17172,537,17056,657,720,1392,17264,17453,0,4141,1239,888,17205,17413,17444,894,381,987,937,348,753,20687,17661,397,921,720,20543,180,17805,17349,17663,17788,17592,18049,17746,18124,17938,17791,17842,18112,17602,17718,17262,17506,17905,18085,17782,17992,17446,17635,17656,18076,17951,17529,17996,18026,17455,17755,17932,17770,17984,17801,17843,17668,17908,17685,17893,18026,17442,17963,18020,17874,18046,18146,17788,17812,17806,17714,17908,17990,17984,17754,17788,17776,17938,17963,17746,17718,17869,17834,17990,17608,17262,17748,17743,17932,17650,17984,17962,17926,18052,17963,17841,17626,17565,17681,17783,17843,17748,17691,17656,17921,17887,17899,17598,17654,17876,18020,17812,17446,17713,17602,17902,17413,18140,17951,17696,18107,17996,17662,17962,18140,17682,18083,17409,18077,17656,17776,17812,17864,18052
"42",20319,20634,17624,18186,17721,20613,18257,20359,17808,20445,17744,18594,18290,20466,18153,18437,18269,18490,3148,17624,748,613,3301,20613,17688,20359,17848,17640,20319,20509,3994,628,18193,3616,18437,3496,3961,3349,18333,18594,4141,0,3436,3613,18226,18122,18153,3313,3826,3328,4118,3793,3814,20466,18490,4298,3646,3781,20634,3961,17884,17668,17580,17945,17911,18128,17825,18041,17855,17948,18161,18191,17357,18037,17581,17825,17660,18080,17537,18311,17525,17792,17975,17519,17718,17608,17601,17871,17612,17672,17537,17537,17751,17568,17688,17825,17825,17440,17336,17871,17761,17568,17703,17791,17489,17751,17705,17807,17489,17721,17825,17433,17751,17911,17945,17855,17855,17808,17825,17713,17624,17841,17673,17525,17581,17743,17822,17537,17657,17751,17807,17369,17657,17808,17758,17705,17560,17688,17388,17688,17743,17608,17975,17688,17654,17504,17593,17421,17721,17703,17657,17525,17156,17357,17657,17492,17583,17718,17541,17550,17601,17657,17807,17583,17761,17688,17728,17520,17975,17855,17807,17871,17657
"43",21479,21482,17344,17816,17585,21455,17575,21207,17264,21599,17224,17912,17608,21626,17783,17755,17899,18120,288,17344,3508,3709,201,21455,17384,21207,16992,17432,21479,21663,1092,3528,17511,708,17755,828,699,153,17963,17912,1239,3436,0,687,17544,17752,17783,909,1260,828,856,1227,552,21626,18120,1396,720,519,21482,1059,17436,16980,16964,17089,17223,17680,17377,17425,17239,17092,17473,17743,17077,17349,16893,17137,17380,17560,17257,17623,17077,16936,17287,17551,17582,17160,17297,17327,16756,17056,17233,17401,17615,17432,17144,16969,17209,17160,17368,17327,17073,17264,17495,17175,17521,17447,17089,17287,17281,17345,17209,17465,17615,17055,17089,17407,17239,17264,17377,17193,17344,17465,17465,16909,16893,17223,17374,17233,17281,17615,17263,17401,17353,17264,17142,17257,17040,17312,17084,17144,17223,16992,17287,17552,17518,17200,17073,17285,17177,17495,17113,17077,17188,17077,17377,17044,17615,17582,16997,17582,17297,17137,17263,17615,17313,17384,17040,17552,17287,17407,17287,17495,17353
