"","V1","V2","V3","V4","V5","V6","V7","V8","V9","V10","V11","V12","V13","V14","V15","V16","V17","V18","V19","V20","V21","V22","V23","V24","V25","V26","V27","V28","V29","V30","V31","V32","V33","V34","V35","V36","V37","V38","V39","V40","V41","V42","V43","V44","V45","V46","V47","V48","V49","V50","V51","V52","V53","V54","V55","V56","V57","V58","V59","V60","V61","V62","V63","V64","V65","V66","V67","V68","V69","V70","V71","V72","V73","V74","V75","V76","V77","V78","V79","V80","V81","V82","V83","V84","V85","V86","V87","V88","V89","V90","V91","V92","V93","V94","V95","V96","V97","V98","V99","V100","V101","V102","V103","V104","V105","V106","V107","V108","V109","V110","V111","V112","V113","V114","V115","V116","V117","V118","V119","V120","V121","V122","V123","V124","V125","V126","V127","V128","V129","V130","V131","V132","V133","V134","V135","V136","V137","V138","V139","V140","V141","V142","V143","V144","V145","V146","V147","V148","V149","V150","V151","V152","V153","V154","V155","V156","V157","V158","V159","V160","V161","V162","V163","V164","V165","V166","V167","V168","V169","V170","V171","V172","V173","V174","V175","V176","V177","V178","V179","V180","V181","V182","V183","V184","V185","V186","V187","V188","V189","V190","V191","V192","V193","V194","V195","V196","V197","V198","V199","V200","V201","V202","V203","V204","V205","V206","V207","V208","V209","V210","V211","V212","V213","V214","V215","V216","V217","V218","V219","V220","V221","V222","V223","V224","V225","V226","V227","V228","V229","V230","V231","V232","V233","V234","V235","V236","V237","V238","V239","V240","V241","V242","V243","V244","V245","V246","V247","V248","V249","V250","V251","V252","V253","V254","V255","V256","V257","V258","V259","V260","V261","V262","V263","V264","V265","V266","V267","V268","V269","V270"
"1",0,17392,3796,3661,153,21743,17120,21495,17280,17408,21455,21639,1380,3576,17799,996,18043,876,987,201,17939,18200,1527,3148,288,639,17832,17728,17759,861,1212,540,1144,1179,840,21602,18096,1684,672,807,21770,1347,17484,17268,17012,17377,17511,17728,17425,17473,17287,17380,17761,17791,17125,17637,17181,17425,17428,17848,17305,17911,17125,17224,17575,17287,17318,17208,17033,17303,17044,17104,16969,17137,17351,17168,17120,17257,17257,17208,17104,17303,17361,17000,17471,17223,17257,17183,17137,17575,17257,17321,17257,17201,17351,17343,17377,17455,17287,17240,17425,17481,17392,17441,17441,16957,17181,17511,17422,16969,17257,17351,17239,17137,17089,17240,17190,17305,17328,17288,16820,17120,17511,17040,17575,17288,17254,16936,17361,17021,17153,17471,17089,17125,16924,17125,17425,17092,17351,17318,16973,17318,17033,17425,17239,17351,17361,17120,17328,17288,17575,17455,17575,17471,17089,17455,17241,17137,17125,17104,17361,17305,17305,16853,17061,17241,17272,17425,17193,17245,17120,17257,16789,17272,17438,17374,17201,17361,17089,17361,17201,17168,17153,17392,17377,17425,17272,17321,17056,17361,17208,16988,17321,17245,17153,17343,17181,17425,17303,17183,16924,17137,17328,17425,17153,17305,17021,17125,17288,17086,17425,17321,17328,17044,17193,17425,17201,17377,17104,17224,17392,17137,17305,17141,17422,16936,17257,16940,17224,17272,17160,17183,17176,17545,17471,17321,17137,17425,17104,17288,17321,17212,17358,17305,17061,17193,17438,17033,17021,17344,17141,17542,17545,17391,17425,17478,17181,17575,17425,17392,16988,17257,17245,17089,17193,17321,17201,17351,17441,17407
"2",17392,0,17756,17957,17545,8101,376,7975,352,392,8183,8373,17722,17356,697,17344,813,17224,17869,17257,1085,1034,17869,17624,17344,17857,730,938,905,17377,17890,17392,18026,17857,17722,8394,1178,18026,17890,17689,8186,17689,1216,880,820,385,685,568,265,1081,501,1168,1201,901,577,1369,865,801,880,520,513,1021,681,652,621,605,676,712,773,829,768,468,773,773,773,740,976,685,385,544,752,829,865,676,661,565,425,773,501,517,905,1073,321,721,709,685,441,501,565,680,321,337,120,713,545,745,865,517,468,953,1073,773,893,605,593,616,532,745,484,976,920,796,517,712,685,560,740,920,517,889,893,661,893,745,752,513,217,648,605,740,1009,572,709,633,893,605,385,496,832,392,685,565,517,893,593,333,565,565,577,712,217,333,577,953,745,397,532,685,685,633,560,593,953,300,796,692,785,517,1073,697,721,572,529,664,545,385,468,529,560,697,364,688,361,697,1009,685,865,321,893,709,648,953,652,697,1073,397,953,681,860,740,453,361,664,872,385,801,541,545,920,352,600,681,501,1073,364,740,905,1040,832,364,652,709,680,337,829,661,785,633,740,872,1009,768,364,333,577,685,628,953,953,408,1073,420,337,397,621,484,697,621,153,588,920,865,697,893,865,725,953,709,481,621
"3",3796,17756,0,201,3709,20325,18132,20071,17740,17844,20343,20533,3706,580,18085,3328,18329,3448,4033,3661,18537,18486,3853,748,3508,4021,18118,18326,18357,3361,3874,3616,4190,3841,3886,20490,18694,4010,4054,3853,20346,3673,18016,17560,17712,17837,17803,18260,17957,18173,17987,17840,18053,18323,17489,17929,17473,17717,17792,17972,17669,18203,17657,17684,17867,17963,18162,17740,18045,18075,17504,17804,17981,17981,18195,18012,17892,17717,17957,17572,17780,18075,17653,18012,17907,17923,17933,18195,17837,17699,17693,17925,17957,17877,18195,17803,17837,17987,17987,18012,17957,17605,17756,18045,17877,17657,17473,17635,17954,17981,17861,18195,18011,17813,18101,18012,17890,17837,17452,17892,17832,17892,17635,17740,17867,18132,18098,17948,17485,17865,17925,17907,17861,17657,17600,17489,17789,17624,18027,18162,17745,17994,18045,17549,18011,18027,17893,18132,17620,17964,17867,17987,17699,18075,18101,17819,17773,17837,17489,17804,17725,17669,17669,17865,17593,17605,17804,17717,17653,17369,18132,18101,17801,17636,18042,17810,17877,17485,17861,17485,17877,17844,18165,17516,17813,17957,17804,18165,18068,17485,17572,17664,17997,17369,17925,17803,17473,17957,18075,18195,17624,17981,17620,17549,17925,17669,17865,17657,17892,18098,17549,17997,17452,17480,17893,17717,17877,17813,17948,17924,17516,17837,17837,17745,17786,17948,17693,17712,17684,17636,17620,18195,17948,17669,18075,17757,17813,17549,17948,17724,17925,17504,17722,17669,17425,17653,17874,18045,17865,17804,17745,17666,17669,17755,17717,17602,17305,17867,17789,17684,17832,17717,17369,17861,17653,17757,18045,18195,17877,17867
"4",3661,17957,201,0,3508,20526,18021,20239,17941,17733,20166,20422,3841,781,18286,3529,18530,3649,4234,3829,18426,18654,4054,613,3709,3886,18253,18182,18246,3160,3673,3481,4358,3706,4021,20379,18550,4178,3853,4054,20547,3874,18217,17761,17913,17972,17971,18461,18125,18308,18155,18041,18188,18491,17624,18097,17608,17852,17993,18173,17804,18338,17825,17885,18035,17819,18051,17941,17868,17898,17705,18005,17804,17804,18018,17901,17781,17885,18092,17773,17669,17931,17788,17901,17763,18058,17756,18051,18005,17834,17516,17748,18125,17733,18051,17971,18005,18155,18155,17901,18125,17773,17957,17901,17733,17792,17641,17803,18155,17837,17684,18051,17867,17669,17924,17901,18091,18005,17653,17781,17721,17781,17770,17941,18002,18021,17987,17837,17653,17688,17748,17730,17717,17825,17489,17657,17924,17825,17883,18051,17568,17883,17868,17684,17834,17850,18028,18021,17821,17853,18035,18155,17867,17931,17957,17954,17908,18005,17657,18005,17893,17837,17804,17688,17728,17740,18005,17852,17821,17504,18021,17924,17657,17837,17931,17699,17700,17620,17717,17620,17700,17733,17988,17717,17669,18092,18005,17988,17957,17653,17773,17553,17820,17504,17748,17938,17608,18092,17898,18018,17825,17804,17821,17684,17781,17804,17721,17792,17781,17987,17684,17853,17653,17369,18061,17852,17700,17636,17837,18125,17717,18005,17972,17568,17987,17837,17549,17601,17885,17837,17821,18051,17837,17837,17898,17580,17669,17717,17837,17613,17781,17705,17923,17804,17560,17788,17763,17901,17688,18005,17601,17867,17804,17923,17885,17803,17440,18002,17957,17885,17721,17885,17537,17684,17788,17613,17868,18018,17733,18035
"5",153,17545,3709,3508,0,21656,17273,21375,17193,17321,21302,21552,1227,3729,17712,909,17956,1029,900,321,17852,18080,1440,3301,201,552,17679,17608,17672,708,1059,693,1024,1092,687,21515,17976,1564,519,720,21683,1260,17637,17181,17165,17224,17391,17881,17545,17560,17407,17293,17608,17911,17212,17517,17028,17272,17581,17761,17392,17758,17245,17137,17455,17407,17471,17361,17120,17150,16957,17257,17056,17224,17438,17321,17033,17137,17344,17361,17257,17183,17208,17153,17351,17310,17344,17303,17257,17422,17104,17168,17377,17321,17471,17223,17257,17575,17407,17153,17545,17361,17545,17321,17321,17044,17061,17391,17575,17089,17104,17471,17119,17257,17176,17153,17343,17425,17241,17201,16973,17033,17358,17193,17422,17441,17407,17089,17241,17108,17000,17318,16969,17245,17077,17245,17512,17245,17471,17471,16820,17471,17120,17272,17086,17438,17448,17273,17241,17441,17455,17575,17455,17351,17209,17542,17328,17257,17245,17257,17481,17425,17392,16940,17148,17328,17425,17272,17073,17092,17273,17344,16909,17425,17351,17287,17288,17208,16969,17208,17288,17321,17240,17305,17257,17512,17425,17408,17209,17241,17361,17141,17408,17092,17000,17190,17028,17512,17150,17270,17077,17224,17241,17272,17033,17392,17141,17212,17201,17239,17272,17441,17241,16957,17313,17272,17288,17224,17257,17377,17305,17257,17392,16988,17575,17089,17137,16853,17137,17425,17073,17303,17089,17425,17318,17168,17257,17305,17257,17201,17201,17125,17511,17392,17148,17040,17351,17153,17108,17257,17021,17455,17392,17511,17305,17391,17028,17422,17545,17305,17141,17137,17125,16936,17040,17201,17288,17438,17321,17287
"6",21743,8101,20325,20526,21656,0,8309,374,8045,8253,582,272,20489,19985,7586,20747,7642,20867,21056,21608,7914,7619,20576,20613,21455,21164,7619,7827,7794,21116,20657,21203,21029,20624,21029,305,7763,20489,21197,20996,97,20456,8981,8405,8753,8078,8210,8333,8030,9014,8434,8861,8726,8666,8678,8894,8390,8326,8981,8381,8614,8546,8446,8345,8146,8706,8441,8477,8706,8522,8461,8401,8706,8538,8538,8505,8669,8378,8318,8645,8853,8522,8390,8609,8522,8498,8526,8706,8434,8378,8766,8598,8254,8822,8474,8378,8134,8266,8498,8373,8086,8198,8221,8238,8406,8678,8390,8378,8233,8886,8598,8538,8586,8706,8526,8309,8465,8510,8345,8501,8853,8489,8378,8645,8210,8325,8505,8853,8378,8654,8586,8522,8586,8510,8853,8614,8318,8413,8706,8505,8702,8673,8642,8494,8586,8706,8150,8429,8357,8493,8210,8330,8378,8418,8526,8434,8330,8498,8678,8645,8318,8434,8678,8886,8510,8498,8297,8210,8378,8494,8493,8358,8886,8401,8321,8553,8886,8378,8766,8558,8822,8673,8462,8525,8406,8150,8233,8294,8493,8558,8465,8789,8462,8558,8702,8378,8390,8086,8586,8642,8581,8718,8177,8558,8766,8498,8718,8446,8385,8673,8314,8462,8525,8733,8318,8326,8642,8406,8685,8285,8461,8614,8266,8598,8465,8673,8766,8733,8525,8465,8345,8642,8373,8198,8354,8522,8886,8494,8505,8733,8534,8293,8465,8434,8678,8378,8489,8886,8718,8101,8598,8281,8198,8498,8146,8345,8558,8146,8254,8113,8685,8558,8558,8586,8558,8586,8718,8474,8342,8314
"7",17120,376,18132,18021,17273,8309,0,8189,392,352,7981,8165,17936,17732,911,17552,1027,17432,18083,17297,883,1248,18083,17688,17384,17759,944,736,703,17441,17792,17120,18240,17759,17936,8192,976,18240,17792,17903,8400,17903,1424,1088,860,425,893,776,473,1121,541,1208,1409,1109,953,1577,1073,1009,1256,896,889,1229,889,692,829,565,468,920,397,453,808,508,397,565,565,532,600,725,425,920,712,453,1073,300,621,605,385,397,541,893,865,865,361,681,501,725,481,709,605,304,529,713,496,505,505,785,1073,893,676,577,865,565,517,565,217,240,572,953,860,768,544,420,893,752,893,352,532,544,893,681,517,621,517,953,712,889,593,856,565,532,633,532,333,1009,517,565,593,120,1040,352,893,773,893,685,217,709,773,605,953,752,593,709,953,577,953,773,740,893,725,1009,184,385,577,676,588,652,745,893,697,1073,681,532,153,1040,505,593,676,321,184,1073,740,648,321,1073,633,725,1073,529,517,333,688,745,860,1073,697,773,745,889,652,364,829,321,1040,832,425,1009,501,505,712,392,976,721,709,865,740,364,865,664,872,740,692,333,304,713,621,621,745,1009,532,832,801,976,740,709,953,725,588,577,745,448,865,796,713,773,829,860,1073,829,529,796,712,905,1073,517,905,685,745,501,441,661
"8",21495,7975,20071,20239,21375,374,8189,0,7797,8063,305,582,20148,19731,7278,20505,7522,20625,20868,21294,7730,7613,20328,20359,21207,20856,7278,7453,7550,20829,20316,20955,20959,20316,20688,485,7821,20419,20856,20688,341,20148,8803,8291,8633,7861,7902,8155,7786,8797,8248,8677,8515,8422,8455,8650,8115,8179,8791,8191,8455,8335,8266,8161,7966,8386,8327,8235,8489,8369,8341,8281,8425,8263,8327,8327,8549,8128,8101,8391,8599,8336,8115,8489,8330,8217,8239,8456,8248,8155,8479,8387,8068,8630,8294,8064,7948,8086,8248,8189,7906,7878,8095,7994,8150,8461,8082,8058,8119,8572,8323,8294,8272,8386,8245,8189,8217,8266,8091,8387,8669,8369,8091,8397,7999,8147,8263,8605,8058,8507,8369,8363,8272,8266,8599,8422,8095,8299,8450,8327,8549,8483,8489,8335,8305,8483,7875,8309,8115,8303,7966,8086,8122,8174,8212,8275,8055,8248,8422,8461,7998,8242,8455,8669,8235,8211,8119,7999,8064,8335,8309,8083,8572,8275,8207,8299,8663,8091,8452,8271,8663,8483,8309,8335,8086,7939,8119,8147,8245,8238,8211,8663,8303,8335,8549,8097,8115,7939,8369,8489,8461,8443,7935,8335,8516,8275,8474,8299,8207,8425,8155,8270,8271,8479,8004,8179,8483,8119,8443,8101,8335,8428,8119,8387,8275,8425,8446,8549,8341,8275,8097,8456,8125,7942,8207,8363,8566,8302,8263,8543,8354,8179,8211,8275,8391,8097,8363,8636,8507,7981,8354,8155,7975,8178,7966,8091,8271,7999,8062,7999,8507,8308,8302,8305,8277,8330,8507,8327,8150,8128
"9",17280,352,17740,17941,17193,8045,392,7797,0,440,8069,8253,17544,17580,519,17160,763,17280,17691,17145,971,920,17691,17848,16992,17679,552,760,791,17361,17712,17280,17848,17679,17544,8216,1128,17848,17712,17511,8072,17511,1336,824,836,97,501,688,385,1033,517,880,1081,1021,865,1249,681,745,1168,568,865,901,865,364,565,829,860,768,725,605,544,484,661,829,893,860,752,397,337,768,976,605,681,692,773,453,649,725,517,565,889,953,337,1073,893,333,217,685,517,392,505,321,472,593,593,697,681,501,652,841,889,893,541,829,481,392,420,865,468,920,872,572,501,600,565,680,796,808,501,1073,605,773,541,865,976,865,505,832,893,860,785,860,725,745,541,893,441,512,648,680,565,685,565,773,481,685,621,517,865,664,441,685,865,905,801,621,652,565,333,745,512,649,841,652,740,676,1073,501,721,681,1073,860,545,712,529,505,652,713,448,681,588,1040,713,745,785,333,681,505,605,725,664,1009,468,745,785,685,1073,865,740,628,565,713,648,856,273,745,893,529,976,304,712,697,685,953,652,628,889,752,544,652,300,725,328,385,773,773,1009,745,796,920,953,712,588,685,801,333,740,905,1073,184,953,532,385,621,565,468,681,565,505,532,1040,577,745,541,513,773,1073,893,593,397
"10",17408,392,17844,17733,17321,8253,352,8063,440,0,7791,7981,17810,17684,785,17432,965,17552,17957,17585,693,1058,17957,17640,17432,17633,818,610,513,17153,17666,17408,18114,17633,17810,8066,914,18114,17666,17777,8210,17777,1480,1032,1212,409,773,832,529,1345,893,1192,1225,1165,841,1393,953,953,1144,544,905,1045,1073,676,773,517,652,1040,621,565,920,860,685,685,621,588,712,709,649,872,664,565,953,652,397,893,337,621,893,541,577,681,713,697,685,773,593,893,829,288,713,425,512,321,153,1009,953,605,860,865,745,621,565,517,505,352,860,1009,572,712,768,532,605,1040,709,408,652,832,605,865,501,397,565,1009,664,905,481,1040,453,588,745,420,685,785,565,453,713,472,920,240,709,829,541,501,505,725,893,829,841,976,545,725,841,801,1073,725,796,709,773,785,408,505,865,692,532,364,633,605,745,785,697,420,505,688,217,649,860,505,472,785,692,664,337,721,745,773,953,713,501,685,1040,865,740,721,681,661,801,1073,468,652,605,337,752,544,713,953,517,217,832,616,752,1073,893,681,628,652,577,648,856,628,740,685,352,361,565,397,697,785,652,480,745,920,692,725,905,773,364,801,801,560,681,572,361,725,773,572,785,773,545,740,768,889,721,565,953,333,801,685,217,773
"11",21455,8183,20343,20166,21302,582,7981,305,8069,7791,0,310,20387,20003,7550,20777,7730,20897,21140,21599,7458,7790,20600,20319,21479,20816,7517,7342,7278,20756,20243,20915,21264,20276,20927,341,7646,20724,20783,20960,485,20420,8947,8499,8841,7972,8207,8299,7963,8908,8489,8821,8626,8599,8566,8827,8354,8354,8935,8335,8630,8446,8507,8305,8207,8275,8119,8507,8184,8128,8549,8489,8248,8086,8022,8055,8341,8305,8212,8663,8455,8161,8354,8281,8155,8456,8062,8217,8489,8266,8302,8082,8309,8455,8119,8369,8189,8327,8425,7917,8147,8183,8303,7755,7911,8572,8387,8363,8327,8461,8146,8055,8161,8275,8068,7981,8489,8443,8363,8179,8397,8161,8330,8669,8110,7875,8119,8461,8363,8266,8064,8122,8161,8443,8455,8663,8206,8507,8211,8055,8308,8211,8248,8510,8128,8178,8114,8101,8387,8031,8143,8263,8299,7935,8101,8450,8294,8425,8599,8605,8303,8483,8566,8364,8474,8450,8263,8110,8369,8510,8037,7906,8461,8483,7999,8155,8358,8330,8341,8510,8422,8211,8068,8479,7975,8050,8327,7906,8101,8543,8483,8455,8062,8446,8308,8336,8354,8114,8064,8248,8669,8266,8207,8446,8277,8386,8235,8474,7935,8281,8330,8095,8543,8335,8309,8354,8242,7942,8299,8245,8543,8669,8294,8082,8419,8281,8335,8277,8485,8419,8369,8281,7981,8119,7966,8122,8455,8543,8119,8271,8179,8387,8483,8450,8630,8336,8155,8397,8202,8189,8115,8363,8086,8483,8207,8363,8510,8174,8303,8207,8235,8485,8479,8128,8516,8091,8202,8086,7975,8369
"12",21639,8373,20533,20422,21552,272,8165,582,8253,7981,310,0,20697,20193,7794,20955,7914,21075,21264,21816,7642,7763,20784,20509,21663,21060,7827,7619,7522,21012,20553,21099,21237,20520,21237,97,7619,20697,21093,21204,241,20664,9125,8677,9025,8222,8418,8477,8174,9158,8706,9005,8870,8810,8822,9038,8598,8598,9125,8525,8886,8690,8718,8489,8418,8498,8297,8685,8434,8378,8733,8673,8498,8330,8266,8233,8525,8522,8462,8853,8645,8378,8598,8465,8378,8706,8318,8434,8706,8522,8558,8326,8526,8678,8330,8586,8406,8538,8642,8101,8358,8406,8493,7966,8134,8822,8598,8586,8505,8678,8390,8266,8378,8498,8318,8165,8673,8654,8553,8357,8581,8345,8586,8853,8354,8053,8297,8645,8586,8510,8314,8378,8378,8654,8645,8886,8462,8685,8434,8233,8558,8401,8498,8766,8378,8434,8358,8285,8565,8221,8354,8474,8522,8146,8318,8706,8538,8642,8822,8789,8526,8706,8822,8614,8718,8706,8441,8354,8586,8766,8221,8150,8678,8673,8177,8345,8614,8586,8558,8766,8678,8401,8318,8669,8198,8294,8505,8150,8285,8766,8673,8645,8318,8702,8558,8586,8598,8358,8314,8498,8853,8510,8385,8702,8494,8642,8446,8718,8113,8465,8586,8318,8733,8525,8526,8598,8498,8198,8477,8429,8733,8886,8538,8326,8609,8465,8558,8461,8669,8609,8553,8498,8165,8342,8210,8378,8678,8766,8297,8461,8390,8565,8673,8706,8886,8586,8345,8614,8446,8373,8326,8553,8342,8706,8418,8553,8766,8418,8526,8385,8413,8702,8702,8378,8766,8314,8446,8330,8198,8586
"13",1380,17722,3706,3841,1227,20489,17936,20148,17544,17810,20387,20697,0,3366,17025,390,17269,510,753,1212,17477,17393,213,3994,1092,741,16992,17233,17297,681,168,840,877,201,540,20600,17601,337,708,573,20456,33,17658,17202,17516,17575,17412,17902,17566,17911,17758,17644,17629,17932,17389,17538,17049,17293,17758,17938,17569,17779,17266,17488,17476,17896,17804,17382,17783,17813,17308,17608,17719,17557,17771,17654,17696,17488,17695,17538,17746,17846,17229,17816,17840,17661,17833,17966,17608,17599,17593,17501,17728,17810,17804,17574,17608,17596,17758,17816,17566,17538,17722,17654,17810,17395,17082,17568,17596,17752,17437,17804,17782,17746,17839,17816,17694,17446,17418,17534,17636,17696,17535,17544,17443,17774,17740,17752,17418,17441,17663,17807,17632,17266,17566,17422,17689,17266,17960,17804,17483,17960,17783,17449,17749,17927,17469,17936,17262,17930,17476,17596,17632,17684,17872,17719,17349,17608,17422,17608,17658,17602,17569,17603,17169,17505,17446,17293,17424,17269,17936,17677,17572,17602,17684,17776,17777,17385,17632,17385,17777,17810,17903,17482,17746,17533,17446,17741,17872,17418,17538,17630,17897,17269,17663,17541,17049,17533,17813,17933,17428,17557,17262,17449,17696,17569,17474,17233,17534,17902,17449,17930,17418,17446,17664,17293,17777,17713,17590,17728,17482,17608,17413,17321,17752,17752,17626,17516,17488,17602,17424,17966,17752,17602,17651,17657,17746,17482,17590,17690,17534,17146,17688,17569,17325,17391,17840,17816,17441,17608,17354,17632,17569,17688,17326,17568,17205,17443,17722,17326,17474,17488,17302,17599,17391,17690,17621,17771,17810,17638
"14",3576,17356,580,781,3729,19985,17732,19731,17580,17684,20003,20193,3366,0,17925,2988,18169,2868,4053,3441,18377,18326,3513,628,3528,4041,17958,18166,18197,3021,3534,3036,4210,3501,3906,20150,18534,3670,4074,3873,20006,3333,17616,17400,17312,17677,17643,17860,17557,17773,17587,17680,17893,17923,17089,17769,17313,17557,17392,17812,17269,18043,17257,17524,17707,17563,17762,17340,17645,17915,17344,17404,17581,17581,17795,17612,17732,17557,17557,17172,17380,17915,17493,17612,17747,17523,17533,17795,17437,17539,17533,17765,17557,17477,17795,17643,17677,17587,17587,17852,17557,17445,17356,17885,17717,17257,17313,17475,17554,17581,17701,17795,17851,17413,17701,17852,17490,17437,17292,17732,17432,17732,17475,17340,17707,17732,17698,17548,17325,17465,17765,17747,17701,17257,17200,17089,17389,17224,17627,17762,17585,17594,17645,17389,17851,17627,17493,17732,17460,17564,17707,17587,17539,17915,17701,17419,17373,17437,17089,17404,17325,17269,17269,17465,17193,17205,17404,17557,17493,17209,17732,17701,17401,17236,17882,17650,17477,17325,17701,17325,17477,17444,17765,17356,17653,17557,17404,17765,17668,17325,17172,17264,17597,17209,17765,17643,17313,17557,17915,17795,17224,17581,17460,17389,17765,17269,17465,17257,17732,17698,17389,17597,17292,17320,17493,17557,17477,17653,17548,17524,17356,17437,17437,17585,17386,17548,17533,17552,17524,17236,17460,17795,17788,17509,17915,17597,17413,17389,17548,17564,17765,17344,17322,17269,17025,17493,17714,17645,17465,17644,17585,17506,17509,17355,17557,17442,17145,17707,17389,17524,17432,17557,17209,17701,17493,17597,17645,17795,17717,17707
"15",17799,697,18085,18286,17712,7586,911,7278,519,785,7550,7794,17025,17925,0,17349,244,17469,17172,17664,452,401,17172,18193,17511,17160,33,241,272,17706,17193,17799,17329,17160,17025,7697,609,17329,17193,16992,7553,16992,1525,1013,1355,616,690,877,574,1552,1036,1399,1270,1210,1210,1438,870,934,1513,913,1210,1090,1054,883,754,1174,1049,957,1244,1124,1063,1003,1180,1018,1082,1049,1271,916,856,1113,1321,1124,870,1211,1118,972,994,1244,1036,910,1234,1142,856,1418,1082,852,736,874,1036,911,694,666,817,782,938,1216,870,846,841,1360,1078,1082,1060,1174,1000,911,939,1054,813,1109,1391,1091,846,1119,754,869,985,1327,846,1262,1124,1118,1060,1054,1321,1210,850,1021,1238,1049,1304,1205,1244,1090,1060,1238,630,1031,837,1025,754,874,910,962,1000,1030,810,1036,1210,1183,786,1030,1210,1424,990,966,841,754,852,1090,1031,838,1360,997,929,1021,1418,846,1240,1026,1418,1205,1064,1057,874,694,841,902,967,1026,933,1385,1058,1090,1304,852,870,694,1124,1244,1183,1198,657,1090,1304,1030,1262,1054,929,1147,910,1058,993,1201,792,934,1238,874,1165,823,1057,1216,874,1142,997,1147,1234,1271,1063,997,819,1244,847,730,962,1118,1354,1090,985,1265,1142,901,933,1030,1146,852,1085,1424,1262,703,1142,877,730,966,754,813,1026,754,850,721,1229,1096,1090,1060,1032,1118,1262,1082,938,916
"16",996,17344,3328,3529,909,20747,17552,20505,17160,17432,20777,20955,390,2988,17349,0,17593,120,1077,861,17801,17750,537,3616,708,1065,17382,17590,17621,369,558,456,1234,525,930,20924,17958,694,1098,897,20780,357,17268,16812,17132,17257,17055,17512,17209,17593,17407,17260,17305,17575,17077,17181,16725,16969,17380,17560,17257,17455,16909,17104,17119,17551,17414,16992,17465,17495,16924,17224,17401,17233,17447,17264,17312,17137,17377,17160,17368,17495,16905,17432,17495,17343,17521,17615,17257,17287,17281,17177,17377,17465,17447,17223,17257,17239,17407,17432,17209,17193,17344,17297,17465,17077,16725,17223,17206,17401,17113,17447,17431,17401,17521,17432,17310,17089,17040,17144,17252,17312,17223,17160,17119,17384,17350,17368,17073,17117,17345,17495,17281,16909,17188,17077,17377,16876,17615,17414,17165,17582,17465,17137,17431,17615,17145,17552,16872,17552,17119,17239,17287,17327,17521,17407,17025,17257,17077,17224,17313,17257,17257,17285,16845,17193,17056,16969,17073,16957,17552,17353,17221,17224,17294,17398,17465,17073,17281,17073,17465,17432,17585,17104,17401,17209,17056,17417,17488,17073,17160,17252,17585,16957,17345,17223,16725,17209,17495,17615,17044,17233,16872,17137,17345,17257,17117,16909,17144,17518,17137,17585,17040,17068,17313,16969,17465,17401,17200,17344,17104,17257,17089,16997,17374,17368,17281,17132,17104,17224,17040,17615,17368,17257,17327,17345,17401,17137,17200,17312,17177,16756,17310,17257,17013,17073,17462,17465,17117,17224,16997,17254,17257,17343,16969,17190,16893,17119,17377,16936,17084,17137,16957,17281,17073,17345,17297,17447,17465,17287
"17",18043,813,18329,18530,17956,7642,1027,7522,763,965,7730,7914,17269,18169,244,17593,0,17713,17236,17908,272,461,17056,18437,17755,17404,277,485,452,17950,17437,18043,17453,17404,17269,7881,605,17453,17437,17236,7673,17236,1705,1129,1471,796,934,1057,754,1732,1152,1579,1450,1390,1390,1618,1114,1050,1693,1093,1326,1270,1170,1063,870,1418,1165,1201,1424,1240,1179,1119,1424,1262,1262,1229,1387,1096,1036,1357,1565,1240,1114,1327,1234,1216,1238,1424,1152,1090,1478,1322,972,1534,1198,1096,852,990,1216,1091,810,910,933,962,1118,1396,1114,1090,957,1604,1322,1262,1304,1418,1244,1027,1183,1234,1057,1225,1571,1207,1090,1363,934,1049,1229,1571,1090,1378,1304,1234,1304,1234,1565,1326,1030,1137,1418,1229,1420,1385,1360,1206,1304,1418,874,1147,1081,1205,934,1054,1090,1142,1244,1146,1054,1216,1390,1363,1030,1146,1390,1604,1234,1210,1021,934,1096,1206,1211,1082,1604,1113,1045,1265,1598,1090,1484,1270,1534,1385,1180,1237,1118,874,957,1018,1211,1270,1177,1501,1174,1270,1420,1096,1114,810,1304,1360,1299,1442,901,1270,1484,1210,1442,1170,1109,1391,1026,1174,1237,1445,1036,1050,1354,1118,1409,1003,1173,1332,990,1322,1177,1391,1478,1451,1243,1177,1063,1360,1091,910,1078,1234,1598,1206,1229,1445,1258,1017,1177,1146,1390,1096,1201,1604,1442,819,1322,993,910,1210,870,1057,1270,870,966,837,1409,1276,1270,1304,1276,1298,1442,1198,1054,1032
"18",876,17224,3448,3649,1029,20867,17432,20625,17280,17552,20897,21075,510,2868,17469,120,17713,0,1197,741,17921,17870,657,3496,828,1185,17502,17710,17741,489,678,336,1354,645,1050,21044,18078,814,1218,1017,20900,477,17148,16932,17012,17377,17175,17392,17089,17473,17287,17380,17425,17455,16957,17301,16845,17089,17260,17680,17137,17575,16789,17224,17239,17431,17294,16872,17345,17615,17044,17104,17281,17113,17327,17144,17432,17257,17257,17040,17248,17615,17025,17312,17615,17223,17401,17495,17137,17407,17401,17297,17257,17345,17327,17343,17377,17119,17287,17552,17089,17313,17224,17417,17585,16957,16845,17343,17086,17281,17233,17327,17551,17281,17401,17552,17190,16969,17160,17264,17132,17432,17343,17040,17239,17264,17230,17248,17193,16997,17465,17615,17401,16789,17068,16957,17257,16756,17495,17294,17285,17462,17345,17257,17551,17495,17025,17432,16992,17432,17239,17119,17407,17447,17401,17287,16905,17137,16957,17104,17193,17137,17137,17165,16725,17073,16936,17089,17193,17077,17432,17233,17101,17104,17414,17518,17345,17193,17401,17193,17345,17312,17465,17224,17521,17089,16936,17297,17368,17193,17040,17132,17465,17077,17465,17343,16845,17089,17615,17495,16924,17113,16992,17257,17465,17137,16997,16789,17264,17398,17257,17465,17160,17188,17193,17089,17345,17521,17080,17224,17224,17137,16969,17117,17254,17248,17401,17252,17224,17104,17160,17495,17488,17377,17447,17465,17281,17257,17080,17432,17297,16876,17190,17137,16893,17193,17582,17345,16997,17344,17117,17374,17377,17223,17089,17310,17013,17239,17257,17056,16964,17257,17077,17401,17193,17465,17177,17327,17585,17407
"19",987,17869,4033,4234,900,21056,18083,20868,17691,17957,21140,21264,753,4053,17172,1077,17236,1197,0,852,17444,17333,720,3961,699,348,17205,17413,17444,1434,921,1527,277,888,213,21167,17541,817,381,180,21023,720,17805,17349,17663,17788,17592,18049,17746,18124,17938,17791,17842,18112,17602,17718,17262,17506,17905,18085,17782,17992,17446,17635,17656,18076,17951,17529,17996,18026,17455,17755,17932,17770,17984,17801,17843,17668,17908,17685,17893,18026,17442,17963,18020,17874,18046,18146,17788,17812,17806,17714,17908,17990,17984,17754,17788,17776,17938,17963,17746,17718,17869,17834,17990,17608,17262,17748,17743,17932,17650,17984,17962,17926,18052,17963,17841,17626,17565,17681,17783,17843,17748,17691,17656,17921,17887,17899,17598,17654,17876,18020,17812,17446,17713,17602,17902,17413,18140,17951,17696,18107,17996,17662,17962,18140,17682,18083,17409,18077,17656,17776,17812,17864,18052,17932,17562,17788,17602,17755,17838,17782,17782,17816,17382,17718,17593,17506,17604,17482,18083,17890,17752,17749,17831,17923,17990,17598,17812,17598,17990,17957,18116,17629,17926,17746,17593,17954,18019,17598,17685,17777,18110,17482,17876,17754,17262,17746,18026,18146,17575,17770,17409,17662,17876,17782,17654,17446,17681,18049,17662,18110,17565,17593,17844,17506,17990,17926,17737,17875,17629,17788,17626,17534,17899,17899,17806,17663,17635,17749,17571,18146,17899,17782,17864,17870,17926,17662,17737,17837,17714,17293,17835,17782,17538,17604,17987,17996,17654,17755,17534,17779,17782,17868,17506,17715,17418,17656,17902,17473,17621,17668,17482,17812,17604,17870,17834,17984,17990,17818
"20",201,17257,3661,3829,321,21608,17297,21294,17145,17585,21599,21816,1212,3441,17664,861,17908,741,852,0,18116,17999,1392,3349,153,840,17664,17839,17936,1029,1380,741,943,1380,672,21779,18207,1483,840,672,21635,1212,17349,17133,16877,17209,17310,17593,17224,17305,17086,17245,17593,17590,16957,17436,17013,17257,17293,17713,17137,17743,16924,17089,17374,17398,17495,17073,17177,17447,16909,16969,17113,17281,17495,17345,17297,17056,17089,17073,17281,17414,17193,17177,17582,17055,17401,17294,16936,17407,17401,17465,17056,17312,17462,17142,17176,17254,17086,17417,17224,17280,17257,17552,17552,16789,16980,17310,17287,17080,17401,17462,17350,17248,17233,17417,17055,17104,17193,17465,16997,17297,17343,16905,17407,17465,17431,17113,17160,17165,17297,17615,17200,16924,17101,16924,17257,16957,17462,17495,17117,17495,17177,17257,17383,17495,17193,17297,17193,17465,17374,17254,17374,17582,17200,17287,17073,16936,16924,16969,17160,17104,17137,16997,16893,17073,17137,17257,16992,17077,17297,17401,16900,17137,17615,17551,17345,17193,17200,17193,17345,17345,17297,17257,17488,17257,17137,17465,17233,17160,17073,17165,17465,17077,17297,17175,17013,17257,17447,17327,16789,17281,17193,17257,17264,17137,17132,16957,17465,17263,17257,17432,17193,17221,16992,17257,17345,17521,17281,17089,17257,16936,17137,17285,17287,17113,17368,17117,17089,17137,17025,17294,17353,17344,17615,17465,17248,17224,17281,17465,17432,17077,17223,17137,16893,17025,17615,17144,17165,17209,17252,17407,17377,17190,17224,17343,17013,17407,17224,17257,17165,17056,17044,17233,17025,17432,17345,17495,17552,17206
"21",17939,1085,18537,18426,17852,7914,883,7730,971,693,7458,7642,17477,18377,452,17801,272,17921,17444,18116,0,605,17264,18333,17963,17300,485,277,180,17846,17333,17939,17661,17300,17477,7673,461,17661,17333,17444,7817,17444,1849,1401,1743,940,1142,1201,898,1876,1424,1723,1594,1534,1534,1762,1322,1322,1837,1237,1598,1414,1442,1207,1142,1210,1021,1409,1152,1096,1451,1391,1216,1054,990,957,1243,1240,1180,1565,1357,1096,1322,1183,1090,1424,1030,1152,1424,1234,1270,1050,1244,1390,1054,1304,1124,1262,1360,819,1082,1118,1205,690,846,1540,1322,1298,1229,1396,1114,990,1096,1210,1036,883,1391,1378,1265,1081,1299,1063,1298,1571,1078,777,1021,1363,1298,1234,1032,1090,1096,1378,1357,1598,1174,1409,1146,957,1276,1113,1216,1478,1096,1146,1082,1003,1289,933,1078,1198,1234,870,1036,1418,1262,1360,1534,1507,1238,1418,1534,1332,1442,1418,1165,1078,1304,1478,939,874,1396,1385,901,1057,1326,1298,1276,1478,1390,1113,1036,1381,910,1018,1229,874,1003,1478,1385,1357,1030,1414,1276,1304,1322,1082,1032,1216,1571,1234,1109,1414,1212,1354,1170,1442,837,1183,1298,1030,1445,1237,1244,1322,1210,910,1201,1147,1445,1604,1262,1050,1321,1183,1270,1179,1387,1321,1271,1216,883,1054,934,1090,1390,1478,1021,1173,1114,1289,1385,1418,1598,1304,1057,1332,1170,1091,1050,1265,1054,1418,1142,1265,1478,1142,1238,1109,1137,1420,1414,1096,1484,1026,1170,1054,910,1304
"22",18200,1034,18486,18654,18080,7619,1248,7613,920,1058,7790,7763,17393,18326,401,17750,461,17870,17333,17999,605,0,17453,18594,17912,17561,401,576,545,18074,17561,18200,17056,17561,17393,7794,272,17056,17561,17393,7522,17393,1798,1350,1692,856,1025,1150,781,1792,1307,1672,1510,1417,1450,1645,1238,1238,1786,1186,1514,1330,1325,1156,1025,1509,1386,1358,1484,1428,1400,1340,1548,1386,1322,1322,1608,1123,1096,1514,1722,1395,1238,1548,1389,1340,1362,1451,1307,1150,1602,1382,1127,1689,1353,1187,1007,1145,1243,1184,965,1001,1154,989,1145,1456,1205,1181,1178,1695,1446,1289,1395,1509,1368,1248,1340,1261,1214,1446,1664,1428,1214,1520,994,1142,1386,1728,1181,1566,1364,1422,1395,1261,1722,1481,1090,1358,1445,1322,1608,1478,1548,1394,1428,1478,998,1368,1238,1298,961,1081,1117,1169,1335,1334,1178,1243,1417,1456,1121,1301,1450,1664,1358,1334,1114,994,1187,1394,1304,1206,1695,1334,1266,1422,1658,1214,1575,1394,1722,1478,1368,1330,1209,934,1178,1206,1368,1361,1334,1722,1362,1330,1608,1220,1238,998,1364,1548,1520,1566,1058,1330,1511,1270,1469,1358,1202,1548,1214,1329,1394,1602,1127,1238,1542,1242,1566,1096,1394,1487,1178,1382,1270,1548,1569,1544,1336,1270,1220,1515,1248,937,1266,1422,1689,1361,1386,1538,1413,1238,1334,1334,1514,1220,1422,1631,1502,1040,1349,1214,970,1301,1025,1214,1394,1058,1121,1058,1502,1303,1297,1428,1400,1325,1502,1386,1209,1187
"23",1527,17869,3853,4054,1440,20576,18083,20328,17691,17957,20600,20784,213,3513,17172,537,17056,657,720,1392,17264,17453,0,4141,1239,888,17205,17413,17444,894,381,987,937,348,753,20687,17661,397,921,720,20543,180,17805,17349,17663,17788,17592,18049,17746,18124,17938,17791,17842,18112,17602,17718,17262,17506,17905,18085,17782,17992,17446,17635,17656,18076,17951,17529,17996,18026,17455,17755,17932,17770,17984,17801,17843,17668,17908,17685,17893,18026,17442,17963,18020,17874,18046,18146,17788,17812,17806,17714,17908,17990,17984,17754,17788,17776,17938,17963,17746,17718,17869,17834,17990,17608,17262,17748,17743,17932,17650,17984,17962,17926,18052,17963,17841,17626,17565,17681,17783,17843,17748,17691,17656,17921,17887,17899,17598,17654,17876,18020,17812,17446,17713,17602,17902,17413,18140,17951,17696,18107,17996,17662,17962,18140,17682,18083,17409,18077,17656,17776,17812,17864,18052,17932,17562,17788,17602,17755,17838,17782,17782,17816,17382,17718,17593,17506,17604,17482,18083,17890,17752,17749,17831,17923,17990,17598,17812,17598,17990,17957,18116,17629,17926,17746,17593,17954,18019,17598,17685,17777,18110,17482,17876,17754,17262,17746,18026,18146,17575,17770,17409,17662,17876,17782,17654,17446,17681,18049,17662,18110,17565,17593,17844,17506,17990,17926,17737,17875,17629,17788,17626,17534,17899,17899,17806,17663,17635,17749,17571,18146,17899,17782,17864,17870,17926,17662,17737,17837,17714,17293,17835,17782,17538,17604,17987,17996,17654,17755,17534,17779,17782,17868,17506,17715,17418,17656,17902,17473,17621,17668,17482,17812,17604,17870,17834,17984,17990,17818
"24",3148,17624,748,613,3301,20613,17688,20359,17848,17640,20319,20509,3994,628,18193,3616,18437,3496,3961,3349,18333,18594,4141,0,3436,3613,18226,18122,18153,3313,3826,3328,4118,3793,3814,20466,18490,4298,3646,3781,20634,3961,17884,17668,17580,17945,17911,18128,17825,18041,17855,17948,18161,18191,17357,18037,17581,17825,17660,18080,17537,18311,17525,17792,17975,17519,17718,17608,17601,17871,17612,17672,17537,17537,17751,17568,17688,17825,17825,17440,17336,17871,17761,17568,17703,17791,17489,17751,17705,17807,17489,17721,17825,17433,17751,17911,17945,17855,17855,17808,17825,17713,17624,17841,17673,17525,17581,17743,17822,17537,17657,17751,17807,17369,17657,17808,17758,17705,17560,17688,17388,17688,17743,17608,17975,17688,17654,17504,17593,17421,17721,17703,17657,17525,17156,17357,17657,17492,17583,17718,17541,17550,17601,17657,17807,17583,17761,17688,17728,17520,17975,17855,17807,17871,17657,17687,17641,17705,17357,17672,17593,17537,17537,17421,17461,17473,17672,17825,17761,17477,17688,17657,17357,17504,17838,17606,17433,17593,17657,17593,17433,17400,17721,17624,17609,17825,17672,17721,17624,17593,17440,17220,17553,17477,17721,17911,17581,17825,17871,17751,17492,17537,17728,17657,17721,17537,17421,17525,17688,17654,17657,17553,17560,17276,17761,17825,17433,17609,17504,17792,17624,17705,17705,17541,17654,17504,17489,17508,17792,17504,17728,17751,17744,17777,17871,17553,17369,17657,17504,17520,17721,17612,17590,17537,17293,17761,17670,17601,17421,17912,17541,17774,17777,17623,17825,17710,17413,17975,17657,17792,17388,17825,17477,17657,17761,17553,17601,17751,17673,17975
"25",288,17344,3508,3709,201,21455,17384,21207,16992,17432,21479,21663,1092,3528,17511,708,17755,828,699,153,17963,17912,1239,3436,0,687,17544,17752,17783,909,1260,828,856,1227,552,21626,18120,1396,720,519,21482,1059,17436,16980,16964,17089,17223,17680,17377,17425,17239,17092,17473,17743,17077,17349,16893,17137,17380,17560,17257,17623,17077,16936,17287,17551,17582,17160,17297,17327,16756,17056,17233,17401,17615,17432,17144,16969,17209,17160,17368,17327,17073,17264,17495,17175,17521,17447,17089,17287,17281,17345,17209,17465,17615,17055,17089,17407,17239,17264,17377,17193,17344,17465,17465,16909,16893,17223,17374,17233,17281,17615,17263,17401,17353,17264,17142,17257,17040,17312,17084,17144,17223,16992,17287,17552,17518,17200,17073,17285,17177,17495,17113,17077,17188,17077,17377,17044,17615,17582,16997,17582,17297,17137,17263,17615,17313,17384,17040,17552,17287,17407,17287,17495,17353,17407,17193,17089,17077,17056,17313,17257,17257,17117,17013,17193,17224,17137,16905,16957,17384,17521,17053,17224,17462,17398,17465,17073,17113,17073,17465,17432,17417,17104,17401,17377,17224,17585,17320,17073,17160,17252,17585,16957,17177,17055,16893,17377,17327,17447,16876,17401,17040,17137,17177,17257,17285,17077,17312,17350,17137,17585,17040,17068,17145,17137,17465,17401,17368,17176,17104,17089,17257,17165,17374,17200,17281,16964,16936,17224,16872,17447,17200,17257,17495,17345,17401,17137,17368,17312,17345,16924,17310,17257,17013,16905,17462,17297,17285,17056,17165,17254,17257,17343,17137,17190,16893,17287,17377,17104,17252,16969,16957,17113,16905,17345,17465,17615,17465,17119
"26",639,17857,4021,3886,552,21164,17759,20856,17679,17633,20816,21060,741,4041,17160,1065,17404,1185,348,840,17300,17561,888,3613,687,0,17193,17089,17120,1086,573,1179,505,540,201,20963,17457,1045,33,168,21131,708,17793,17337,17651,17776,17580,18037,17734,18112,17926,17779,17830,18100,17590,17706,17250,17494,17893,18073,17770,17980,17434,17623,17644,17752,17627,17517,17672,17702,17443,17743,17608,17446,17660,17477,17519,17656,17896,17673,17569,17702,17430,17639,17696,17862,17722,17822,17776,17800,17482,17390,17896,17666,17660,17742,17776,17764,17926,17639,17734,17706,17857,17510,17666,17596,17250,17736,17731,17608,17326,17660,17638,17602,17728,17639,17829,17614,17553,17357,17459,17519,17736,17679,17644,17597,17563,17575,17586,17330,17552,17696,17488,17434,17389,17590,17890,17401,17816,17627,17372,17783,17672,17650,17638,17816,17670,17759,17397,17753,17644,17764,17800,17540,17728,17920,17550,17776,17590,17743,17826,17770,17770,17492,17370,17706,17581,17494,17592,17470,17759,17566,17428,17737,17507,17599,17666,17586,17488,17586,17666,17633,17792,17617,17602,17734,17581,17630,17695,17586,17673,17453,17786,17470,17552,17742,17250,17734,17702,17822,17563,17446,17397,17650,17552,17770,17330,17434,17357,17725,17650,17786,17553,17269,17832,17494,17666,17602,17413,17863,17617,17776,17614,17210,17887,17575,17482,17339,17623,17737,17559,17822,17575,17770,17540,17546,17602,17650,17413,17513,17390,17281,17823,17770,17526,17592,17663,17672,17330,17743,17210,17767,17770,17856,17494,17703,17406,17644,17890,17461,17297,17656,17470,17488,17592,17546,17510,17660,17666,17806
