"","V1","V2","V3","V4","V5","V6","V7","V8","V9","V10","V11","V12","V13","V14","V15","V16","V17","V18","V19","V20","V21","V22","V23","V24","V25","V26","V27","V28","V29","V30","V31","V32","V33","V34","V35","V36","V37","V38","V39","V40","V41","V42","V43","V44","V45","V46","V47","V48","V49","V50","V51","V52","V53","V54","V55","V56","V57","V58","V59","V60","V61","V62","V63","V64","V65","V66","V67","V68","V69","V70","V71","V72","V73","V74","V75","V76","V77","V78","V79","V80","V81","V82","V83","V84","V85","V86","V87","V88","V89","V90","V91","V92","V93","V94","V95","V96","V97","V98","V99","V100","V101","V102","V103","V104","V105","V106","V107","V108","V109","V110","V111","V112","V113","V114","V115","V116","V117","V118","V119","V120","V121","V122","V123","V124","V125","V126","V127","V128","V129","V130","V131","V132","V133","V134","V135","V136","V137","V138","V139","V140","V141","V142","V143","V144","V145","V146","V147","V148","V149","V150","V151","V152","V153","V154","V155","V156","V157","V158","V159","V160","V161","V162","V163","V164","V165","V166","V167","V168","V169","V170","V171","V172","V173","V174","V175","V176","V177","V178"
"1",0,23380,15624,15462,15562,23194,8670,22804,24492,18816,24172,18716,24020,23956,18782,18878,18754,15500,15214,24206,15474,23414,15788,15528,15722,23910,15822,15884,23228,23974,15760,14444,17272,19183,18959,19059,12528,20992,842,12628,12438,18993,21624,15412,15446,14974,908,15036,14974,10062,16078,21232,12562,12600,12376,21136,2300,13654,14472,21590,14492,9624,13564,19345,15810,15440,20964,12664,16908,16880,12662,12596,8670,20514,18804,13558,8824,9590,16942,15908,19376,16876,12624,21108,14472,19388,17216,12566,12404,20860,19277,20022,2080,18962,17987,2234,17925,7160,14912,14940,14778,14994,14842,14458,14430,20062,20096,12546,10128,10528,18234,18296,18262,14294,14568,12536,12424,12602,14294,9586,9552,15666,12602,8232,17038,12538,19960,19988,12466,13688,20034,8398,18962,15144,15172,17188,14502,18685,8198,12602,2112,16836,21686,12008,12216,12248,20084,20452,20851,16864,20832,16960,9235,21232,12574,20030,16892,16858,20851,14390,14528,14232,28826,8398,15852,7160,10968,14460,7288,29250,9576,14720,10710,10476,9850,12206,9470,9436
"2",23380,0,26846,26812,26912,324,26789,870,2264,24714,1152,24490,1442,1496,24680,24648,24532,26730,26448,1186,26424,34,26854,26878,26664,6578,26764,26822,290,7250,26706,27080,29070,29092,29186,28910,27463,27509,23770,27135,27397,29220,28220,27282,27192,28649,23820,28707,28521,26085,27613,27397,27373,27111,27215,27363,23116,26176,27104,28310,28212,26251,26028,28651,25912,27378,27361,27363,27538,27390,27363,27295,26789,30663,25142,26142,27441,26283,27572,25816,29521,27700,27431,27215,27228,28651,27806,27329,27363,30483,28583,25731,24342,25358,28126,23066,27944,25432,28463,28611,28773,28742,28590,28178,28030,27022,27056,25804,26135,26287,27947,28129,28095,27100,27196,27172,27110,27238,27100,27149,27181,27196,27238,26955,27540,27181,25673,25821,27281,26144,26874,26004,25292,27534,27682,27658,27196,28988,26987,27181,24358,27761,28278,26570,26790,26822,25789,30729,28240,27909,28116,27943,27345,27331,27090,26866,28005,27971,28240,27068,27112,26918,17937,26004,27708,25432,25883,28412,25304,19228,26587,28388,27816,27582,27128,27508,27527,27559
"3",15624,26846,0,410,310,26580,19626,26190,26996,8724,27026,8700,26794,26868,8758,8414,8600,186,410,27059,670,26879,604,344,546,26362,446,260,26614,26346,446,2728,4358,8310,8216,8186,5739,13076,15954,5399,5581,8182,12824,1164,1006,7078,16020,6892,7078,18296,15146,11660,5581,5619,5457,11694,14690,13801,2694,12982,6740,18654,13711,13135,21379,1316,12918,5807,5364,5206,5743,5807,19626,5718,9146,13835,20352,18588,5330,21477,4264,5202,5395,11536,2886,13151,6752,5777,5615,19610,13135,9646,16258,9304,5859,14624,5735,21360,7078,7236,7074,6582,6362,6774,6616,11376,11342,23828,18362,18418,7124,7248,7282,2750,2542,4910,4772,4908,2682,19794,19728,1418,4976,19984,5054,5619,9646,9804,5547,13525,11218,21664,8994,2466,2624,6594,2786,6648,19918,5683,16290,1522,12638,5064,5292,5324,9460,6028,17789,1680,17613,1646,19858,11350,4818,11152,1832,1866,17721,2406,14805,2558,26678,21664,12214,21360,16790,13544,21488,27202,18120,13804,20480,20272,19838,19602,20288,20222
"4",15462,26812,410,0,100,26546,19464,26156,26962,8514,26992,8538,26760,26834,8480,8824,8824,410,372,27026,632,26846,326,66,384,26328,484,670,26580,26312,670,2952,4080,8224,7938,8410,5461,12798,15792,5809,5371,7972,12862,886,1044,7116,15858,7302,7116,18520,15370,11574,5619,5657,5681,11416,14914,13715,2732,12704,6530,18878,13935,12925,21101,1106,13142,5597,5086,5430,5657,5529,19464,6128,9370,13557,20294,18812,5120,21199,3986,5116,5805,11760,2608,13065,6474,5499,5337,19332,12857,9684,16214,9218,5649,14848,5959,21198,7302,6958,6796,6304,6152,6496,6840,11098,11132,23666,18586,18642,7348,7038,7004,2472,2952,4632,4562,4698,2472,19632,19566,1456,4698,19822,5464,5843,9870,9526,5771,13935,11442,21620,9404,2690,2346,6818,2700,6872,19756,5907,16246,1746,13048,5102,5206,5238,9870,5818,17511,1402,17651,1560,20051,11760,5042,11190,1622,1588,17511,2816,14527,2782,26644,21620,12438,21198,17014,13382,21326,27168,17958,13642,20448,20214,19676,19324,20244,20178
"5",15562,26912,310,100,0,26646,19564,26256,27062,8414,27092,8638,26860,26934,8448,8724,8724,310,472,27125,732,26945,294,34,484,26428,384,570,26680,26412,570,2852,4048,8124,7906,8310,5429,12766,15892,5709,5271,7872,12762,854,944,7016,15958,7202,7016,18420,15270,11474,5519,5557,5581,11384,14814,13615,2632,12672,6430,18778,13835,12825,21069,1006,13042,5497,5054,5330,5557,5497,19564,6028,9270,13525,20394,18712,5020,21167,3954,5016,5705,11660,2576,12965,6442,5467,5305,19300,12825,9584,16248,9118,5549,14748,5859,21298,7202,6926,6764,6272,6052,6464,6740,11066,11032,23766,18486,18542,7248,6938,6972,2440,2852,4600,4462,4598,2372,19732,19666,1356,4666,19922,5364,5743,9770,9494,5671,13835,11342,21654,9304,2590,2314,6718,2600,6772,19856,5807,16280,1646,12948,5002,5106,5138,9770,5718,17479,1370,17551,1460,19951,11660,4942,11090,1522,1556,17411,2716,14495,2682,26744,21654,12338,21298,16914,13482,21426,27268,18058,13742,20522,20314,19776,19292,20278,20212
"6",23194,324,26580,26546,26646,0,26603,546,1940,24448,1476,24224,1186,1172,24414,24382,24266,26464,26182,1510,26232,358,26662,26612,26472,6254,26572,26630,34,6926,26514,26814,28804,28826,28920,28644,27197,27243,23584,26937,27131,28954,27964,27016,26926,28451,23638,28509,28323,25819,27347,27140,27107,26913,26949,27106,22854,25910,26838,28054,27946,25989,25762,28465,25648,27112,27095,27165,27272,27124,27165,27097,26603,30398,24876,25876,27259,26021,27306,25624,29256,27434,27165,26958,26962,28465,27540,27131,27097,30217,28397,25466,24136,25092,27927,22800,27745,25246,28265,28413,28507,28476,28324,27912,27764,26768,26802,25734,25873,26025,27682,27864,27830,26834,26930,26906,26844,26972,26834,26927,26959,27004,26972,26773,27274,26983,25408,25556,27015,25878,26620,25798,25026,27268,27416,27392,26930,28722,26805,26983,24156,27496,28022,26304,26524,26556,25524,30464,28054,27644,27930,27678,27143,27074,26824,26612,27740,27706,28054,26802,26846,26652,17681,25798,27442,25246,25621,28226,25118,18972,26405,28276,27630,27396,26942,27242,27325,27357
"7",8670,26789,19626,19464,19564,26603,0,26213,27931,21310,27581,21210,27429,27395,21276,21372,21248,19502,19216,27615,19476,26823,19790,19530,19724,26779,19824,19886,26637,26731,19762,18766,19334,20973,20749,20849,19138,22506,9392,19238,19048,20783,22334,19558,19592,19278,9458,19340,19278,1392,19512,23438,19172,19210,18986,23342,10850,19454,18794,22300,18466,4900,19364,21604,12540,19562,22478,19274,20758,20730,19272,19206,0,23756,21378,19358,4068,4834,20792,12638,22810,20726,19234,23314,18794,21656,20982,19176,19014,15108,21536,22336,10630,21536,21641,10784,21579,4249,19216,19244,19082,18240,18088,18432,18404,22572,22606,9312,1458,2658,21804,21866,21832,18624,18890,17958,17854,18024,18624,4862,4796,19788,18024,3508,20888,19148,22274,22302,19076,19488,22544,5487,21536,19274,19302,20954,18824,20511,3442,19212,10662,20638,22396,18270,18470,18502,22398,23694,22494,20666,22484,20762,4511,23438,17996,22540,20670,20636,22494,18720,20328,18562,30506,5487,9390,4249,4506,7998,4377,29376,3114,8258,8256,8022,7396,9752,4746,4680
"8",22804,870,26190,26156,26256,546,26213,0,2486,24058,2022,23834,1732,1718,24024,23992,23876,26074,25792,2056,25764,904,26194,26222,26004,6800,26104,26162,580,7472,26046,26424,28414,28436,28530,28254,26819,26853,23194,26547,26741,28564,27418,26626,26536,28061,23196,28119,27933,25429,26957,26622,26729,26523,26559,26588,22412,25520,26448,27508,27556,25547,25372,27919,25154,26722,26705,26775,26882,26734,26775,26707,26213,30332,24486,25486,26817,25579,26916,25156,29082,27044,26787,26440,26572,27919,27150,26741,26707,29827,27851,25106,23746,24702,27567,22410,27385,24856,27875,28023,28117,28086,27934,27522,27374,26222,26256,26019,25431,25583,27328,27510,27476,26444,26540,26516,26454,26582,26444,26485,26517,26536,26582,26331,26884,26593,25048,25196,26637,25488,26074,25408,24636,26878,27026,27002,26540,28332,26363,26593,23714,27136,27476,25914,26134,26166,25164,30398,27508,27284,27384,27318,26701,26556,26434,26066,27380,27346,27508,26412,26456,26262,18227,25408,27052,24856,25179,27836,24728,19518,25963,27808,27240,27006,26552,26852,26883,26915
"9",24492,2264,26996,26962,27062,1940,27931,2486,0,24972,1496,24748,1206,800,24938,24906,24790,26880,26598,1530,26798,2298,27228,27028,27038,6802,27138,27196,1974,7474,27080,27230,29220,29442,29336,29260,27569,27711,24882,27553,27547,29370,28536,27432,27342,28967,24936,29025,28939,27147,27351,27677,27479,27529,27365,27643,24152,25914,27254,28626,28362,27319,25766,28905,25716,27528,27563,27725,27888,27740,27681,27657,27931,30768,25400,25880,28589,27351,27922,25798,29590,27850,27537,27495,27378,28905,27956,27647,27513,30757,28837,25958,25434,25616,28434,24098,28252,26546,28881,29029,28923,28892,28740,28328,28180,27328,27362,27108,27201,27353,28256,28438,28404,27250,27346,27322,27260,27388,27250,28257,28289,27570,27388,28103,27890,27499,25900,26048,27387,25882,27180,27098,25550,27684,27832,27808,27346,29138,28135,27543,25454,27880,28594,26720,26940,26972,26016,30834,28872,28028,28748,28062,28473,27611,27240,27172,28124,28090,28872,27218,26850,27068,17993,27098,27960,26546,26949,28744,26618,19284,27733,28944,28890,28656,28202,28502,28655,28687
"10",18816,24714,8724,8514,8414,24448,21310,24058,24972,0,24966,224,24734,24796,34,310,310,8724,8886,24999,9146,24747,8708,8448,8898,22962,8798,8984,24482,22338,8984,9074,11056,10502,10284,10688,10257,10916,19206,10537,10099,10250,4786,8852,8942,12066,19272,12252,12066,20166,18788,3306,10347,10385,10409,3216,18128,17039,8854,4696,11650,20340,17259,11731,21807,8880,11192,10325,7924,8200,10385,10325,21310,12830,920,16949,22046,20364,7890,21905,11344,7886,10533,3492,8798,11873,8324,10295,10133,15358,11731,1330,19562,768,8503,18062,8813,21724,12252,11976,11814,12248,12028,11684,11960,2832,2798,23276,20232,20384,9214,8904,8938,8670,9074,10442,10312,10440,8602,21294,21318,9230,10508,21484,8234,10571,1516,1240,10499,17259,3108,22080,954,9528,9252,8600,8822,10138,21508,10635,19594,9640,4972,10020,10116,10148,1516,12520,13745,9364,13819,9454,21513,3492,10784,2856,9392,9426,13677,8946,17919,8912,30630,22080,17624,21724,21100,18768,21852,31344,22244,19028,22040,21832,21294,20810,21840,21864
"11",24172,1152,27026,26992,27092,1476,27581,2022,1496,24966,0,24742,290,2264,24932,24900,24784,26910,26628,34,26604,1186,27034,27058,26844,7714,26944,27002,1442,8386,26886,27260,29250,29272,29366,29090,27639,27581,24562,27315,27577,29400,28376,27462,27372,28829,24612,28887,28701,26877,27145,27543,27549,27291,27395,27509,23908,25708,27284,28466,28392,27043,25560,28711,25336,27558,27433,27543,27718,27570,27543,27475,27581,30663,25394,25674,28233,27075,27752,25240,29449,27880,27607,27361,27408,28711,27986,27509,27543,30699,28643,25967,25134,25610,28290,23858,28108,26224,28643,28791,28953,28922,28770,28358,28210,27166,27200,26482,26927,27079,28115,28297,28263,27280,27376,27352,27290,27418,27280,27941,27973,27376,27418,27747,27720,27361,25909,26057,27457,25676,27018,26796,25544,27714,27862,27838,27376,29168,27779,27361,25150,27925,28434,26750,26970,27002,26025,30729,28552,28073,28428,28107,28137,27477,27270,27010,28169,28135,28552,27248,26644,27098,18033,26796,27960,26224,26675,28664,26096,19324,27379,28640,28536,28302,27848,28228,28319,28351
"12",18716,24490,8700,8538,8638,24224,21210,23834,24748,224,24742,0,24510,24572,190,286,286,8700,8662,24776,8922,24524,8864,8604,8674,22738,8774,8960,24258,22114,8960,9050,11212,10602,10440,10664,10413,11072,19106,10513,10323,10474,4762,9008,8918,12042,19172,12228,12042,20142,18764,3406,10323,10361,10385,3372,18104,17139,8830,4852,11874,20316,17235,11955,21963,9104,11168,10549,8080,8176,10485,10481,21210,12806,896,17105,21822,20340,8114,22061,11500,7986,10509,3468,8954,11973,8480,10451,10289,15514,11887,1306,19404,868,8727,18038,8789,21624,12228,12132,11970,12404,12252,11840,11936,2988,3022,23176,20208,20360,9190,9128,9094,8826,9050,10598,10536,10664,8826,21070,21094,9206,10664,21384,8210,10547,1492,1396,10475,17235,3084,21922,930,9504,9408,8576,8922,10114,21408,10611,19436,9616,4948,9996,10216,10248,1492,12744,13901,9520,13795,9554,21520,3468,10760,2832,9616,9582,13901,8922,18075,8888,30406,21922,17600,21624,21076,18668,21752,31120,22144,18928,21842,21608,21194,20966,21682,21706
"13",24020,1442,26794,26760,26860,1186,27429,1732,1206,24734,290,24510,0,1974,24700,24668,24552,26678,26396,324,26378,1476,26808,26826,26618,7424,26718,26776,1152,8096,26660,27028,29018,29040,29134,28858,27407,27349,24410,27083,27345,29168,28154,27230,27140,28597,24464,28655,28469,26645,26913,27319,27317,27059,27163,27285,23680,25476,27052,28244,28160,26815,25328,28493,25106,27326,27201,27311,27486,27338,27311,27243,27429,30431,25162,25442,28085,26847,27520,25014,29217,27648,27375,27137,27176,28493,27754,27277,27311,30467,28425,25735,24962,25378,28058,23626,27876,26072,28411,28559,28721,28690,28538,28126,27978,26946,26980,26378,26699,26851,27883,28065,28031,27048,27144,27120,27058,27186,27048,27753,27785,27150,27186,27599,27488,27129,25677,25825,27225,25444,26798,26624,25312,27482,27630,27606,27144,28936,27631,27129,24982,27693,28212,26518,26738,26770,25793,30497,28334,27841,28210,27875,27969,27253,27038,26790,27937,27903,28334,27016,26412,26866,17743,26624,27728,26072,26447,28512,25944,19034,27231,28494,28384,28150,27696,27996,28151,28183
"14",23956,1496,26868,26834,26934,1172,27395,1718,800,24796,2264,24572,1974,0,24762,24730,24614,26752,26470,2298,26676,1530,27106,26900,26916,6002,27016,27074,1206,6674,26958,27102,29092,29322,29208,29140,27441,27655,24346,27433,27419,29242,28436,27304,27214,28843,24400,28901,28819,26611,27655,27585,27351,27409,27237,27551,23616,26218,27126,28526,28234,26783,26070,28869,26100,27400,27507,27609,27768,27620,27557,27541,27395,30768,25224,26184,28053,26815,27802,26180,29638,27722,27409,27403,27250,28869,27828,27523,27385,30605,28801,25790,24898,25440,28330,23562,28148,26010,28761,28909,28795,28764,28612,28200,28052,27236,27270,26654,26665,26817,28144,28326,28292,27122,27218,27194,27132,27260,27122,27721,27753,27448,27260,27567,27770,27375,25732,25880,27259,26186,27088,26562,25374,27556,27704,27680,27218,29010,27599,27427,24918,27760,28494,26592,26812,26844,25848,30834,28668,27908,28544,27942,27937,27519,27112,27080,28004,27970,28668,27090,27154,26940,17929,26562,27784,26010,26413,28568,26090,19220,27197,28774,28402,28168,27714,28014,28119,28151
"15",18782,24680,8758,8480,8448,24414,21276,24024,24938,34,24932,190,24700,24762,0,344,344,8758,8852,24966,9112,24714,8674,8414,8864,22928,8832,9018,24448,22304,9018,9108,11022,10536,10250,10722,10223,10882,19172,10571,10133,10284,4820,8818,8976,12100,19238,12286,12100,20200,18822,3340,10381,10419,10443,3182,18162,17073,8888,4662,11684,20374,17293,11765,21773,8914,11226,10359,7890,8234,10419,10291,21276,12864,954,16915,22012,20398,7924,21871,11310,7920,10567,3526,8764,11907,8290,10261,10099,15324,11697,1364,19594,802,8537,18096,8847,21690,12286,11942,11780,12214,12062,11650,11994,2798,2832,23242,20266,20418,9248,8938,8904,8636,9108,10408,10346,10474,8636,21260,21284,9264,10474,21450,8268,10605,1550,1206,10533,17293,3142,22112,988,9562,9218,8634,8856,10172,21474,10669,19626,9674,5006,10054,10150,10182,1550,12554,13711,9330,13853,9488,21547,3526,10818,2890,9426,9392,13711,8980,17885,8946,30596,22112,17658,21690,21134,18734,21818,31310,22210,18994,22032,21798,21260,20776,21872,21896
"16",18878,24648,8414,8824,8724,24382,21372,23992,24906,310,24900,286,24668,24730,344,0,186,8600,8824,24933,9084,24681,9018,8758,8960,22896,8860,8674,24416,22272,8860,8950,11366,10688,10594,10564,10567,11226,19268,10227,10409,10560,4848,9162,9004,12128,19334,11942,12128,20042,18664,3492,10409,10447,10285,3526,18004,17225,8916,5006,11960,20216,17135,12041,22117,9190,11068,10635,8234,8076,10571,10635,21372,12520,796,17259,22004,20240,8200,22215,11654,8072,10223,3368,9108,12059,8634,10605,10443,15668,12041,1392,19572,954,8813,17938,8689,21786,12128,12286,12124,12558,12338,11994,11836,3142,3108,23338,20108,20260,9090,9214,9248,8980,8764,10752,10622,10750,8912,21356,21380,9292,10818,21546,7924,10447,1392,1550,10375,16949,2984,22090,644,9404,9562,8476,9008,10014,21570,10511,19604,9516,4662,10082,10302,10334,1206,12830,14055,9674,13881,9640,21420,3182,10660,2918,9702,9736,13987,8636,18229,8788,30564,22090,17500,21786,20976,18830,21914,31278,22306,19090,21998,21790,21356,21120,21850,21874
"17",18754,24532,8600,8824,8724,24266,21248,23876,24790,310,24784,286,24552,24614,344,186,0,8414,8700,24817,8960,24565,9018,8758,8960,22780,8860,8860,24300,22156,8674,8764,11366,10688,10594,10378,10567,11226,19144,10413,10409,10560,4848,9162,9004,12128,19210,12128,12128,19856,18478,3492,10409,10447,10099,3526,17818,17225,8916,5006,11960,20030,16949,12041,22117,9190,10882,10635,8234,7890,10571,10635,21248,12706,610,17259,21900,20054,8200,22215,11654,8072,10409,3182,9108,12059,8634,10605,10443,15668,12041,1392,19520,954,8813,17752,8503,21662,11942,12286,12124,12558,12338,11994,11650,3142,3108,23214,19922,20074,8904,9214,9248,8980,8950,10752,10622,10750,8912,21356,21380,9292,10818,21422,8110,10261,1206,1550,10189,17135,2798,22038,830,9218,9562,8290,9008,9828,21446,10325,19552,9330,4848,10082,10302,10334,1392,12830,14055,9674,13881,9640,21234,3368,10474,2918,9702,9736,13987,8822,18229,8602,30448,22038,17314,21662,20790,18706,21790,31162,22182,18966,21894,21686,21232,21120,21798,21822
"18",15500,26730,186,410,310,26464,19502,26074,26880,8724,26910,8700,26678,26752,8758,8600,8414,0,286,26943,546,26763,604,344,546,26246,446,446,26498,26230,260,2542,4358,8310,8216,8000,5739,13076,15830,5585,5581,8182,12824,1164,1006,7078,15896,7078,7078,18110,14960,11660,5581,5619,5271,11694,14504,13801,2694,12982,6740,18468,13525,13135,21379,1316,12732,5807,5364,5020,5743,5807,19502,5904,8960,13835,20248,18402,5330,21477,4264,5202,5581,11350,2886,13151,6752,5777,5615,19610,13135,9646,16206,9304,5859,14438,5549,21236,6892,7236,7074,6582,6362,6774,6430,11376,11342,23704,18176,18232,6938,7248,7282,2750,2728,4910,4772,4908,2682,19794,19728,1418,4976,19860,5240,5433,9460,9804,5361,13711,11032,21612,9180,2280,2624,6408,2786,6462,19794,5497,16238,1336,12824,5064,5292,5324,9646,6028,17789,1680,17613,1646,19672,11536,4632,11152,1832,1866,17721,2592,14805,2372,26562,21612,12028,21236,16604,13420,21364,27086,17996,13680,20376,20168,19714,19602,20236,20170
"19",15214,26448,410,372,472,26182,19216,25792,26598,8886,26628,8662,26396,26470,8852,8824,8700,286,0,26662,260,26482,698,438,508,25964,608,670,26216,25948,546,2828,4452,8472,8310,8286,5833,13170,15544,5809,5743,8344,12986,1258,1168,7240,15610,7302,7240,18396,15246,11822,5743,5781,5557,11788,14790,13963,2856,13076,6902,18754,13811,13297,21473,1478,13018,5969,5458,5306,5905,5901,19216,6128,9246,13929,20002,18688,5492,21571,4358,5364,5805,11636,2980,13313,6846,5871,5709,19704,13229,9808,16130,9466,6021,14724,5835,20950,7178,7330,7168,6676,6524,6868,6716,11470,11504,23418,18462,18518,7224,7410,7376,2844,2952,5004,4934,5070,2844,19756,19690,1580,5070,19574,5464,5719,9746,9898,5647,13935,11318,21536,9404,2566,2718,6694,2948,6748,19508,5783,16162,1622,13048,5226,5454,5486,9870,6190,17883,1774,17775,1808,19958,11760,4918,11314,1994,1960,17883,2816,14899,2658,26280,21536,12314,20950,16890,13134,21078,26804,17710,13394,20156,19922,19428,19696,20160,20094
"20",24206,1186,27059,27026,27125,1510,27615,2056,1530,24999,34,24776,324,2298,24966,24933,24817,26943,26662,0,26638,1152,27068,27092,26878,7748,26977,27035,1476,8420,26919,27293,29284,29305,29400,29123,27673,27615,24596,27348,27610,29433,28409,27496,27405,28862,24646,28920,28734,26910,27178,27576,27582,27324,27428,27543,23941,25741,27317,28500,28425,27076,25593,28744,25370,27591,27466,27576,27752,27603,27576,27509,27615,30696,25427,25708,28267,27108,27785,25274,29483,27913,27640,27394,27442,28744,28020,27543,27577,30733,28677,26000,25159,25643,28323,23891,28141,26258,28676,28825,28987,28956,28803,28392,28243,27200,27233,26516,26960,27112,28148,28330,28297,27314,27409,27386,27323,27451,27313,27975,28007,27409,27452,27781,27753,27394,25942,26091,27490,25709,27051,26821,25577,27747,27896,27871,27409,29201,27813,27394,25175,27958,28467,26783,27003,27035,26058,30762,28586,28107,28461,28140,28170,27510,27303,27043,28202,28169,28585,27281,26678,27131,18067,26821,27993,26258,26708,28698,26130,19358,27413,28674,28552,28336,27882,28262,28344,28376
"21",15474,26424,670,632,732,26232,19476,25764,26798,9146,26604,8922,26378,26676,9112,9084,8960,546,260,26638,0,26458,438,698,248,26170,348,410,26198,26154,286,3088,4712,8540,8570,8354,6093,13430,15804,5809,6003,8604,13020,1518,1428,7240,15740,7302,7240,18656,15506,11856,6003,5781,5817,11822,14920,14223,3116,13110,7162,18884,14071,13263,21507,1738,13278,5969,5526,5374,5905,5901,19476,6196,9506,14189,20132,18818,5560,21311,4426,5624,6065,11670,3240,13279,7106,5871,5969,19964,13195,10062,16390,9726,6024,14984,5838,21210,7178,7330,7428,6936,6784,7128,6976,11504,11538,23164,18592,18648,7292,7478,7444,3104,3212,5264,5194,5330,3104,19886,19820,1320,5330,19704,5532,5719,10000,10152,5907,14195,11352,21796,9664,2826,2978,6954,3208,7008,19638,5783,16292,1876,13082,5486,5714,5746,10124,6258,17849,2028,17741,2062,20088,11794,5178,11348,2248,2214,17849,3076,15159,2918,26262,21796,12574,21210,17020,13394,21146,26786,17840,13134,20416,20182,19688,19956,20290,20224
"22",23414,34,26879,26846,26945,358,26823,904,2298,24747,1186,24524,1476,1530,24714,24681,24565,26763,26482,1152,26458,0,26888,26912,26698,6612,26797,26855,324,7284,26739,27113,29104,29125,29220,28943,27497,27543,23804,27168,27430,29253,28253,27316,27225,28682,23854,28740,28554,26118,27646,27430,27406,27144,27248,27397,23149,26209,27137,28344,28245,26284,26061,28684,25946,27411,27394,27396,27572,27423,27396,27329,26823,30696,25175,26176,27475,26316,27605,25850,29555,27733,27464,27248,27262,28684,27840,27363,27397,30517,28617,25764,24367,25391,28159,23099,27977,25466,28496,28645,28807,28776,28623,28212,28063,27056,27089,25838,26168,26320,27980,28162,28129,27134,27229,27206,27143,27271,27133,27183,27215,27229,27272,26989,27573,27214,25706,25855,27314,26177,26907,26029,25325,27567,27716,27691,27229,29021,27021,27214,24383,27794,28311,26603,26823,26855,25822,30762,28274,27943,28149,27976,27378,27364,27123,26899,28038,28005,28273,27101,27146,26951,17971,26029,27741,25466,25916,28446,25338,19262,26621,28422,27832,27616,27162,27542,27552,27584
"23",15788,26854,604,326,294,26662,19790,26194,27228,8708,27034,8864,26808,27106,8674,9018,9018,604,698,27068,438,26888,0,260,190,26600,158,344,26628,26584,344,3146,4274,8226,8132,8412,5655,12992,16118,5743,5565,8166,12830,1080,1238,7050,16054,7236,7050,18714,15564,11542,5813,5591,5875,11384,14978,13909,2926,12672,6724,18942,14129,12825,21069,1300,13336,5531,5088,5432,5591,5463,19790,6130,9564,13751,20490,18876,5122,20873,3988,5310,5999,11728,2802,12965,6668,5433,5531,19526,12757,9872,16540,9412,5586,15042,5896,21524,7236,6892,6990,6498,6346,6690,7034,11066,11100,23478,18650,18706,7350,7040,7006,2666,3146,4826,4756,4892,2666,19828,19762,1130,4892,20018,5466,5777,10058,9714,5965,14129,11410,21946,9598,2884,2540,7012,2894,7066,19952,5841,16442,1934,13016,5296,5400,5432,10058,5820,17411,1590,17551,1748,20115,11728,5236,11158,1810,1776,17411,3010,14721,2976,26692,21946,12632,21524,17078,13708,21460,27216,18154,13448,20774,20540,20002,19518,20440,20374
"24",15528,26878,344,66,34,26612,19530,26222,27028,8448,27058,8604,26826,26900,8414,8758,8758,344,438,27092,698,26912,260,0,450,26394,418,604,26646,26378,604,2886,4014,8158,7872,8344,5395,12732,15858,5743,5305,7906,12796,820,978,7050,15924,7236,7050,18454,15304,11508,5553,5591,5615,11350,14848,13649,2666,12638,6464,18812,13869,12859,21035,1040,13076,5531,5020,5364,5591,5463,19530,6062,9304,13491,20360,18746,5054,21133,3920,5050,5739,11694,2542,12999,6408,5433,5271,19266,12791,9618,16280,9152,5583,14782,5893,21264,7236,6892,6730,6238,6086,6430,6774,11032,11066,23732,18520,18576,7282,6972,6938,2406,2886,4566,4496,4632,2406,19698,19632,1390,4632,19888,5398,5777,9804,9460,5705,13869,11376,21686,9338,2624,2280,6752,2634,6806,19822,5841,16312,1680,12982,5036,5140,5172,9804,5752,17445,1336,17585,1494,19985,11694,4976,11124,1556,1522,17445,2750,14461,2716,26710,21686,12372,21264,16948,13448,21392,27234,18024,13708,20514,20280,19742,19258,20310,20244
"25",15722,26664,546,384,484,26472,19724,26004,27038,8898,26844,8674,26618,26916,8864,8960,8960,546,508,26878,248,26698,190,450,0,26410,100,286,26438,26394,286,3088,4464,8292,8322,8354,5845,13182,16052,5685,5755,8356,12772,1270,1180,6992,15988,7178,6992,18656,15506,11608,5755,5533,5817,11574,14920,13975,2868,12862,6914,18884,14071,13015,21259,1490,13278,5721,5278,5374,5657,5653,19724,6072,9506,13941,20300,18818,5312,21063,4178,5376,5941,11670,2992,13031,6858,5623,5721,19716,12947,9814,16350,9478,5776,14984,5838,21458,7178,7082,7180,6688,6536,6880,6976,11256,11290,23412,18592,18648,7292,7230,7196,2856,3088,5016,4946,5082,2856,19638,19572,1072,5082,19952,5408,5719,10000,9904,5907,14071,11352,21756,9540,2826,2730,6954,2960,7008,19886,5783,16252,1876,12958,5238,5466,5498,10000,6010,17601,1780,17493,1814,20088,11670,5178,11100,2000,1966,17601,2952,14911,2918,26502,21756,12574,21458,17020,13642,21394,27026,18088,13382,20584,20350,19936,19708,20250,20184
"26",23910,6578,26362,26328,26428,6254,26779,6800,6802,22962,7714,22738,7424,6002,22928,22896,22780,26246,25964,7748,26170,6612,26600,26394,26410,0,26510,26568,6288,672,26452,26596,28690,28776,28662,28594,27221,26131,24300,27197,27183,28696,26734,26798,26708,28681,24354,28739,28657,25995,28757,25775,27131,27173,27001,25741,23570,27392,26620,26824,28192,26791,27244,28359,28678,26894,25983,27373,26942,26794,27321,27305,26779,30202,23390,27358,28057,26819,26976,28758,29088,26896,27189,25593,26744,28363,27146,27287,27149,29329,28291,23964,24852,23606,27518,23516,27336,26140,28599,28747,28633,28722,28570,28158,28010,25420,25454,27580,26049,26201,27474,27656,27622,26616,26712,27088,27026,27154,26616,27729,27757,26942,27154,27575,26944,27139,23906,24054,27039,27360,25272,26692,23540,27050,27198,26998,26712,28328,27603,27191,24872,27222,26792,26486,26706,26738,24022,30268,25796,27370,25676,27404,27945,25709,27006,25264,27466,27432,25796,26584,28328,26434,21785,26692,27378,26140,25797,28162,26220,23042,26581,28368,28556,28322,27868,28168,28127,28155
"27",15822,26764,446,484,384,26572,19824,26104,27138,8798,26944,8774,26718,27016,8832,8860,8860,446,608,26977,348,26797,158,418,100,26510,0,186,26538,26494,186,2988,4432,8192,8290,8254,5813,13150,16152,5585,5655,8256,12672,1238,1080,6892,16088,7078,6892,18556,15406,11508,5655,5433,5717,11542,14820,13875,2768,12830,6814,18784,13971,12915,21227,1390,13178,5621,5246,5274,5557,5621,19824,5972,9406,13909,20400,18718,5212,21031,4146,5276,5841,11570,2960,12931,6826,5591,5689,19684,12915,9714,16384,9378,5676,14884,5738,21558,7078,7050,7148,6656,6436,6848,6876,11224,11190,23512,18492,18548,7192,7130,7164,2824,2988,4984,4846,4982,2756,19738,19672,972,5050,20052,5308,5619,9900,9872,5807,13971,11252,21790,9440,2726,2698,6854,2860,6908,19986,5683,16286,1776,12858,5138,5366,5398,9900,5910,17569,1748,17393,1714,19988,11570,5078,11000,1900,1934,17501,2852,14879,2818,26602,21790,12474,21558,16920,13742,21494,27126,18188,13482,20658,20450,20036,19676,20284,20218
"28",15884,26822,260,670,570,26630,19886,26162,27196,8984,27002,8960,26776,27074,9018,8674,8860,446,670,27035,410,26855,344,604,286,26568,186,0,26596,26552,186,2988,4618,8378,8476,8254,5999,13336,16214,5399,5841,8442,12858,1424,1266,7078,16150,6892,7078,18556,15406,11694,5841,5619,5717,11728,14820,14061,2954,13016,7000,18784,13971,13101,21413,1576,13178,5807,5432,5274,5743,5807,19886,5786,9406,14095,20482,18718,5398,21217,4332,5462,5655,11570,3146,13117,7012,5777,5875,19870,13101,9900,16518,9564,5862,14884,5738,21620,7078,7236,7334,6842,6622,7034,6876,11410,11376,23574,18492,18548,7192,7316,7350,3010,2802,5170,5032,5168,2942,19924,19858,1158,5236,20114,5122,5619,9900,10058,5807,13785,11252,21924,9254,2726,2884,6854,3046,6908,20048,5683,16420,1776,12672,5324,5552,5584,9714,6096,17755,1934,17579,1900,19988,11384,5078,11186,2086,2120,17687,2666,15065,2818,26660,21924,12474,21620,16920,13804,21556,27184,18250,13544,20740,20532,20098,19862,20418,20352
"29",23228,290,26614,26580,26680,34,26637,580,1974,24482,1442,24258,1152,1206,24448,24416,24300,26498,26216,1476,26198,324,26628,26646,26438,6288,26538,26596,0,6960,26480,26848,28838,28860,28954,28678,27231,27277,23618,26903,27165,28988,27998,27050,26960,28417,23672,28475,28289,25853,27381,27173,27141,26879,26983,27139,22888,25944,26872,28088,27980,26023,25796,28433,25682,27146,27129,27131,27306,27158,27131,27063,26637,30431,24910,25910,27293,26055,27340,25590,29289,27468,27199,26991,26996,28433,27574,27097,27131,30251,28365,25499,24170,25126,27894,22834,27712,25280,28231,28379,28541,28510,28358,27946,27798,26802,26836,25700,25907,26059,27715,27897,27863,26868,26964,26940,26878,27006,26868,26961,26993,26970,27006,26807,27308,26949,25441,25589,27049,25912,26654,25832,25060,27302,27450,27426,26964,28756,26839,26949,24190,27529,28056,26338,26558,26590,25557,30497,28022,27677,27898,27711,27177,27107,26858,26646,27773,27739,28022,26836,26880,26686,17647,25832,27476,25280,25655,28260,25152,18938,26439,28242,27664,27430,26976,27276,27359,27391
"30",23974,7250,26346,26312,26412,6926,26731,7472,7474,22338,8386,22114,8096,6674,22304,22272,22156,26230,25948,8420,26154,7284,26584,26378,26394,672,26494,26552,6960,0,26436,26580,28658,28744,28630,28562,27205,25507,24364,27181,27167,28664,26110,26782,26692,28649,24418,28707,28625,25947,28453,25151,27115,27157,26985,25117,23634,27104,26604,26200,28160,26727,26956,28567,28918,26878,25359,27357,26926,26778,27305,27289,26731,30186,22766,27070,27993,26755,26960,28998,29072,26880,27173,24969,26728,28571,27130,27271,27133,28705,28499,23340,24916,22982,27502,23580,27320,26364,28567,28715,28601,28690,28538,28126,27978,24796,24830,27868,26001,26153,27458,27640,27606,26600,26696,27072,27010,27138,26600,27665,27693,26926,27138,27511,26928,27123,23282,23430,27023,27072,24648,26916,22916,27034,27182,26982,26696,28296,27539,27175,24936,27206,26168,26470,26690,26722,23398,30252,26004,27354,25884,27388,27881,25085,26990,24640,27450,27416,26004,26568,28040,26418,21729,26916,27490,26364,25909,28274,26444,22954,26693,28480,28492,28258,27804,28104,28063,28091
"31",15760,26706,446,670,570,26514,19762,26046,27080,8984,26886,8960,26660,26958,9018,8860,8674,260,546,26919,286,26739,344,604,286,26452,186,186,26480,26436,0,2802,4618,8378,8476,8068,5999,13336,16090,5585,5841,8442,12858,1424,1266,7078,16026,7078,7078,18370,15220,11694,5841,5619,5531,11728,14634,14061,2954,13016,7000,18598,13785,13101,21413,1576,12992,5807,5432,5088,5743,5807,19762,5972,9220,14095,20378,18532,5398,21217,4332,5462,5841,11384,3146,13117,7012,5777,5875,19870,13101,9900,16466,9564,5862,14698,5552,21496,6892,7236,7334,6842,6622,7034,6690,11410,11376,23450,18306,18362,7006,7316,7350,3010,2988,5170,5032,5168,2942,19924,19858,1158,5236,19990,5308,5433,9714,10058,5621,13971,11066,21872,9440,2540,2884,6668,3046,6722,19924,5497,16368,1590,12858,5324,5552,5584,9900,6096,17755,1934,17579,1900,19802,11570,4892,11186,2086,2120,17687,2852,15065,2632,26544,21872,12288,21496,16734,13680,21432,27068,18126,13420,20636,20428,19974,19862,20366,20300
"32",14444,27080,2728,2952,2852,26814,18766,26424,27230,9074,27260,9050,27028,27102,9108,8950,8764,2542,2828,27293,3088,27113,3146,2886,3088,26596,2988,2988,26848,26580,2802,0,5436,8047,7953,7737,3607,10944,13698,3487,3449,7919,11846,2170,2012,7004,13764,7004,7004,17374,14886,10598,3449,3453,3105,10632,12372,11703,220,12004,6666,17526,11393,11614,20437,2200,10566,3675,3266,2922,3577,3709,18766,7939,8266,11737,19306,17460,3232,20535,6762,3104,3449,10288,344,11630,4620,3611,3449,18668,11682,10136,14074,8576,4903,12306,4593,20500,6818,7162,7000,6136,6288,6700,6356,8834,8800,22762,17440,17290,5982,6292,6326,618,186,2567,2674,2434,584,18852,18786,2336,2434,18918,3108,3301,9950,10294,3263,11545,8490,20876,8452,1466,1810,4242,443,6283,18852,3365,14140,3878,11846,2966,2949,2850,10136,8063,16268,4222,16160,4188,18730,10474,2124,8809,4218,4252,16268,426,12673,274,27668,20876,13638,20500,18214,15030,20628,29297,19606,15290,18573,18365,17911,17799,19294,19228
"33",17272,29070,4358,4080,4048,28804,19334,28414,29220,11056,29250,11212,29018,29092,11022,11366,11366,4358,4452,29284,4712,29104,4274,4014,4464,28690,4432,4618,28838,28658,4618,5436,0,5086,4800,5272,7668,14823,17486,8016,7578,4834,9944,4834,4992,4098,17552,4284,4098,18258,12872,12476,7826,7864,7888,12318,16476,15750,5216,9786,3462,18355,15970,14896,20595,5006,15167,7804,7263,7607,7864,7736,19334,9110,11944,15592,19903,18289,7297,20693,6464,7293,8012,12662,5092,15037,8423,7706,7544,18765,14828,11386,17908,11792,7035,16410,7345,21008,4284,3940,3778,3236,3084,3428,3772,13014,13048,23156,18324,18244,8506,8196,8162,4964,5436,6926,6864,6992,4964,19241,19175,5356,6992,19431,7641,8050,11572,11228,7978,15970,13358,21430,11978,4302,3958,8767,5184,3704,19365,8114,17940,4644,10130,7404,7500,7532,11572,8800,19482,4300,19623,4458,19528,12662,7336,13106,4472,4438,19482,5308,16562,5274,28974,21430,13558,21008,18024,14634,21136,27049,19100,14894,20616,20382,19844,19360,19853,19787
"34",19183,29092,8310,8224,8124,28826,20973,28436,29442,10502,29272,10602,29040,29322,10536,10688,10688,8310,8472,29305,8540,29125,8226,8158,8292,28776,8192,8378,28860,28744,8378,8047,5086,0,286,310,9624,12906,19155,9524,9466,252,8352,8870,8836,5864,19221,6050,5736,19767,14706,10810,9590,9372,9652,10968,18015,17330,7827,8386,5180,18909,17674,13262,21271,8860,13058,9500,5378,5530,9376,9500,20973,10956,11246,17488,20525,18843,5344,21241,9294,5348,9776,11120,7895,13108,4058,9534,9500,17198,13262,10764,19449,10970,5211,17949,5397,22467,5922,5770,5864,5022,4802,5214,5366,11608,11574,23858,19833,19833,3758,3572,3606,7775,8047,8589,8467,8587,7707,19863,19797,8894,8655,20115,5564,9686,10950,10798,9742,17674,11760,22761,11280,8921,8769,4210,7671,1878,20049,9686,19481,8562,8538,8883,8847,8879,10950,10770,17916,8410,17818,8252,20051,11120,8807,11508,8400,8434,17848,7927,18458,7893,29840,22761,16381,22467,20187,17587,22339,27963,21393,17655,21112,20904,20428,20006,20409,20343
"35",18959,29186,8216,7938,7906,28920,20749,28530,29336,10284,29366,10440,29134,29208,10250,10594,10594,8216,8310,29400,8570,29220,8132,7872,8322,28662,8290,8476,28954,28630,8476,7953,4800,286,0,472,9338,12620,18931,9686,9248,34,8450,8584,8742,5898,18997,6084,5898,19673,14612,11030,9496,9534,9558,10872,17921,17360,7733,8292,4962,18815,17580,13236,21049,8642,12964,9474,5348,5692,9534,9406,20749,11114,11152,17202,20363,18749,5382,21147,9260,5378,9682,11216,7609,13330,3772,9376,9214,16912,13168,10674,19353,11000,5181,17855,5491,22243,6084,5740,5578,4736,4584,4928,5272,11514,11548,23827,19739,19739,3916,3606,3572,7489,7953,8303,8249,8369,7489,19701,19635,8992,8369,19891,5726,9720,10860,10516,9648,17580,11858,22665,11186,8827,8483,4116,7701,1784,19825,9784,19385,8472,8636,8789,8877,8909,10860,10804,17822,8128,17916,8286,19988,11216,8713,11606,8186,8152,17822,7833,18172,7799,29934,22665,16287,22243,20093,17363,22371,28057,21169,17623,20976,20742,20204,19720,20313,20247
"36",19059,28910,8186,8410,8310,28644,20849,28254,29260,10688,29090,10664,28858,29140,10722,10564,10378,8000,8286,29123,8354,28943,8412,8344,8354,28594,8254,8254,28678,28562,8068,7737,5272,310,472,0,9810,13092,19031,9400,9652,438,8414,9056,8898,5926,19097,5926,5798,19457,14396,11120,9652,9434,9342,11154,17705,17640,7889,8572,5366,18599,17364,13448,21457,9046,12748,9686,5564,5220,9686,9686,20849,10832,10936,17674,20379,18533,5530,21427,9480,5658,9652,10810,8081,13418,4244,9720,9686,17384,13448,10826,19407,11280,5397,17639,5087,22343,5612,5956,6050,5208,4988,5400,5056,11794,11760,23734,19523,19523,3448,3758,3792,7961,7923,8775,8653,8773,7893,19925,19859,8956,8841,19991,5440,9376,10640,10984,9432,17550,11450,22719,11156,8611,8955,3900,7981,1568,19925,9376,19439,8252,8414,8945,9157,9189,10826,10956,18102,8596,17880,8562,19803,10996,8497,11570,8586,8620,18034,7803,18644,7583,29658,22719,16071,22343,19877,17463,22215,27781,21269,17531,20966,20758,20304,20192,20367,20301
"37",12528,27463,5739,5461,5429,27197,19138,26819,27569,10257,27639,10413,27407,27441,10223,10567,10567,5739,5833,27673,6093,27497,5655,5395,5845,27221,5813,5999,27231,27205,5999,3607,7668,9624,9338,9810,0,13135,11686,664,158,9372,13388,4609,4767,4352,11752,4538,4352,18062,12838,12284,158,478,502,12126,10676,8830,3421,13230,5396,17108,8982,10440,19720,4639,13513,384,5671,6015,478,384,19138,10869,9957,8672,18688,17074,5705,19818,9221,5701,344,12470,3263,10562,6136,320,158,19956,10406,11579,12108,9737,7491,10610,7801,18768,4538,4194,4032,5886,5746,5362,5706,10349,10383,22281,18128,17928,8334,8024,7990,2989,3607,2316,2012,2252,3057,17994,17960,5057,2218,18184,5981,630,11765,11421,378,9016,10693,19190,9923,4593,4249,6514,3519,9211,18150,694,12208,7067,13574,1720,2058,1960,11765,10559,15026,6723,15182,6881,18281,12470,2528,10605,6787,6753,15060,3367,9574,3367,28602,19190,16135,18768,18896,17211,18896,30206,19972,17471,18498,18264,17726,17242,18606,18572
"38",20992,27509,13076,12798,12766,27243,22506,26853,27711,10916,27581,11072,27349,27655,10882,11226,11226,13076,13170,27615,13430,27543,12992,12732,13182,26131,13150,13336,27277,25507,13336,10944,14823,12906,12620,13092,13135,0,20150,13551,13045,12654,14060,11946,12104,16535,20216,16721,16535,21430,15753,12596,13293,13365,13389,12438,19140,12289,10758,13902,15979,21940,12441,17458,22004,11976,378,13271,7968,8312,13365,13271,22506,16098,10616,12131,23488,21874,8002,22102,15092,7998,13479,12782,10600,17586,8976,13207,13045,13602,17424,12016,20572,10396,9793,19074,10103,24652,16721,16377,16215,15741,15601,15945,16289,10842,10876,25802,21496,21296,11180,10870,10836,10326,10944,12668,12364,12604,10394,22826,22760,12394,12570,23016,8278,13517,12202,11858,13513,12475,11186,25074,10582,11930,11586,9354,10856,11956,22950,13581,20672,13782,14246,12904,13242,13144,12202,15788,16720,13438,16882,13596,23113,12782,12880,11098,13502,13468,16754,10704,13033,10704,28862,25074,20152,24652,22528,21228,24780,30953,23604,21488,22672,22438,21900,21416,23438,23372
